,Start,Target,Distance
0,Aberdeen,Aberdeen,0
1,Aberdeen,Adelaide,16192
2,Aberdeen,Algiers,2291
3,Aberdeen,Amsterdam,696
4,Aberdeen,Ankara,3158
5,Aberdeen,Asuncin,10521
6,Aberdeen,Athens,2849
7,Aberdeen,Auckland,17748
8,Aberdeen,Bangkok,9469
9,Aberdeen,Barcelona,1779
10,Aberdeen,Beijing,7796
11,Aberdeen,Belm,7709
12,Aberdeen,Belfast,367
13,Aberdeen,Belgrade,2076
14,Aberdeen,Berlin,1119
15,Aberdeen,Birmingham,526
16,Aberdeen,Bogot,8511
17,Aberdeen,Bombay,7339
18,Aberdeen,Bordeaux,1374
19,Aberdeen,Bremen,829
20,Aberdeen,Brisbane,16186
21,Aberdeen,Bristol,632
22,Aberdeen,Brussels,817
23,Aberdeen,Bucharest,2411
24,Aberdeen,Budapest,1785
25,Aberdeen,Buenos Aires,11476
26,Aberdeen,Cairo,3969
27,Aberdeen,Calcutta,7948
28,Aberdeen,Canton,9267
29,Aberdeen,Cape Town,10308
30,Aberdeen,Caracas,7530
31,Aberdeen,Cayenne,7267
32,Aberdeen,Chihuahua,8148
33,Aberdeen,Chongqing,8292
34,Aberdeen,Copenhagen,918
35,Aberdeen,Crdoba,11430
36,Aberdeen,Dakar,4897
37,Aberdeen,Darwin,13661
38,Aberdeen,Djibouti,6357
39,Aberdeen,Dublin,497
40,Aberdeen,Durban,10162
41,Aberdeen,Edinburgh,150
42,Aberdeen,Frankfurt,1056
43,Aberdeen,Georgetown,7391
44,Aberdeen,Glasgow,195
45,Aberdeen,Guatemala City,8548
46,Aberdeen,Guayaquil,9478
47,Aberdeen,Hamburg,866
48,Aberdeen,Hammerfest,1928
49,Aberdeen,Havana,7283
50,Aberdeen,Helsinki,1593
51,Aberdeen,Hobart,17352
52,Aberdeen,Hong Kong,9390
53,Aberdeen,Iquique,10636
54,Aberdeen,Irkutsk,6121
55,Aberdeen,Jakarta,11728
56,Aberdeen,Johannesburg,9690
57,Aberdeen,Kingston,7414
58,Aberdeen,Kinshasa,7011
59,Aberdeen,Kuala Lumpur,10541
60,Aberdeen,La Paz,10186
61,Aberdeen,Leeds,380
62,Aberdeen,Lima,10238
63,Aberdeen,Lisbon,2110
64,Aberdeen,Liverpool,418
65,Aberdeen,London,638
66,Aberdeen,Lyons,1355
67,Aberdeen,Madrid,1862
68,Aberdeen,Manchester,405
69,Aberdeen,Manila,10486
70,Aberdeen,Marseilles,1623
71,Aberdeen,Mazatln,8672
72,Aberdeen,Mecca,5214
73,Aberdeen,Melbourne,16791
74,Aberdeen,Mexico City,8610
75,Aberdeen,Milan,1515
76,Aberdeen,Montevideo,11414
77,Aberdeen,Moscow,2412
78,Aberdeen,Munich,1360
79,Aberdeen,Nagasaki,9052
80,Aberdeen,Nagoya,9061
81,Aberdeen,Nairobi,7383
82,Aberdeen,Nanjing (Nanking),8667
83,Aberdeen,Naples,2160
84,Aberdeen,New Delhi,6745
85,Aberdeen,Newcastle-on-Tyne,245
86,Aberdeen,Odessa,2524
87,Aberdeen,Osaka,9074
88,Aberdeen,Oslo,806
89,Aberdeen,Panama City,8411
90,Aberdeen,Paramaribo,7328
91,Aberdeen,Paris,975
92,Aberdeen,Perth,14606
93,Aberdeen,Plymouth,759
94,Aberdeen,Port Moresby,14087
95,Aberdeen,Prague,1341
96,Aberdeen,Rangoon,8921
97,Aberdeen,Reykjavk,1318
98,Aberdeen,Rio de Janeiro,9694
99,Aberdeen,Rome,1987
100,Aberdeen,Salvador,8476
101,Aberdeen,Santiago,11936
102,Aberdeen,St. Petersburg,1888
103,Aberdeen,So Paulo,9877
104,Aberdeen,Shanghai,8868
105,Aberdeen,Singapore,10851
106,Aberdeen,Sofia,2408
107,Aberdeen,Stockholm,1201
108,Aberdeen,Sydney,16743
109,Aberdeen,Tananarive,9619
110,Aberdeen,Teheran,4602
111,Aberdeen,Tokyo,9093
112,Aberdeen,Tripoli,2933
113,Aberdeen,Venice,1639
114,Aberdeen,Veracruz,8463
115,Aberdeen,Vienna,1583
116,Aberdeen,Vladivostok,8072
117,Aberdeen,Warsaw,1575
118,Aberdeen,Wellington,18237
119,Aberdeen,Zrich,1306
120,Adelaide,Aberdeen,16192
121,Adelaide,Adelaide,0
122,Adelaide,Algiers,16045
123,Adelaide,Amsterdam,15908
124,Adelaide,Ankara,13621
125,Adelaide,Asuncin,13108
126,Adelaide,Athens,14301
127,Adelaide,Auckland,3244
128,Adelaide,Bangkok,6739
129,Adelaide,Barcelona,16180
130,Adelaide,Beijing,8626
131,Adelaide,Belm,15902
132,Adelaide,Belfast,16521
133,Adelaide,Belgrade,14747
134,Adelaide,Berlin,15331
135,Adelaide,Birmingham,16356
136,Adelaide,Bogot,15239
137,Adelaide,Bombay,9167
138,Adelaide,Bordeaux,16398
139,Adelaide,Bremen,15634
140,Adelaide,Brisbane,1607
141,Adelaide,Bristol,16429
142,Adelaide,Brussels,15968
143,Adelaide,Bucharest,14305
144,Adelaide,Budapest,14902
145,Adelaide,Buenos Aires,12088
146,Adelaide,Cairo,13321
147,Adelaide,Calcutta,8298
148,Adelaide,Canton,6985
149,Adelaide,Cape Town,10155
150,Adelaide,Caracas,16256
151,Adelaide,Cayenne,16485
152,Adelaide,Chihuahua,13964
153,Adelaide,Chongqing,7937
154,Adelaide,Copenhagen,15359
155,Adelaide,Crdoba,12259
156,Adelaide,Dakar,16730
157,Adelaide,Darwin,2615
158,Adelaide,Djibouti,11237
159,Adelaide,Dublin,16596
160,Adelaide,Durban,9568
161,Adelaide,Edinburgh,16303
162,Adelaide,Frankfurt,15673
163,Adelaide,Georgetown,16439
164,Adelaide,Glasgow,16368
165,Adelaide,Guatemala City,14631
166,Adelaide,Guayaquil,14262
167,Adelaide,Hamburg,15548
168,Adelaide,Hammerfest,14555
169,Adelaide,Havana,15853
170,Adelaide,Helsinki,14598
171,Adelaide,Hobart,1160
172,Adelaide,Hong Kong,6867
173,Adelaide,Iquique,13180
174,Adelaide,Irkutsk,10272
175,Adelaide,Jakarta,4554
176,Adelaide,Johannesburg,10041
177,Adelaide,Kingston,16048
178,Adelaide,Kinshasa,12672
179,Adelaide,Kuala Lumpur,5718
180,Adelaide,La Paz,13632
181,Adelaide,Leeds,16286
182,Adelaide,Lima,13588
183,Adelaide,Lisbon,17128
184,Adelaide,Liverpool,16392
185,Adelaide,London,16259
186,Adelaide,Lyons,15977
187,Adelaide,Madrid,16666
188,Adelaide,Manchester,16342
189,Adelaide,Manila,5810
190,Adelaide,Marseilles,15932
191,Adelaide,Mazatln,13670
192,Adelaide,Mecca,12129
193,Adelaide,Melbourne,653
194,Adelaide,Mexico City,14134
195,Adelaide,Milan,15639
196,Adelaide,Montevideo,12103
197,Adelaide,Moscow,13803
198,Adelaide,Munich,15466
199,Adelaide,Nagasaki,7583
200,Adelaide,Nagoya,7789
201,Adelaide,Nairobi,10978
202,Adelaide,Nanjing (Nanking),7725
203,Adelaide,Naples,15168
204,Adelaide,New Delhi,9555
205,Adelaide,Newcastle-on-Tyne,16250
206,Adelaide,Odessa,14008
207,Adelaide,Osaka,7729
208,Adelaide,Oslo,15388
209,Adelaide,Panama City,15186
210,Adelaide,Paramaribo,16474
211,Adelaide,Paris,16143
212,Adelaide,Perth,2130
213,Adelaide,Plymouth,16561
214,Adelaide,Port Moresby,2965
215,Adelaide,Prague,15263
216,Adelaide,Rangoon,7302
217,Adelaide,Reykjavk,16515
218,Adelaide,Rio de Janeiro,13577
219,Adelaide,Rome,15336
220,Adelaide,Salvador,14685
221,Adelaide,Santiago,11819
222,Adelaide,St. Petersburg,14303
223,Adelaide,So Paulo,13495
224,Adelaide,Shanghai,7563
225,Adelaide,Singapore,5399
226,Adelaide,Sofia,14476
227,Adelaide,Stockholm,14992
228,Adelaide,Sydney,1140
229,Adelaide,Tananarive,8915
230,Adelaide,Teheran,11934
231,Adelaide,Tokyo,7849
232,Adelaide,Tripoli,15036
233,Adelaide,Venice,15392
234,Adelaide,Veracruz,14388
235,Adelaide,Vienna,15114
236,Adelaide,Vladivostok,8708
237,Adelaide,Warsaw,14816
238,Adelaide,Wellington,3219
239,Adelaide,Zrich,15694
240,Algiers,Aberdeen,2291
241,Algiers,Adelaide,16045
242,Algiers,Algiers,0
243,Algiers,Amsterdam,1733
244,Algiers,Ankara,2617
245,Algiers,Asuncin,9376
246,Algiers,Athens,1830
247,Algiers,Auckland,19281
248,Algiers,Bangkok,9746
249,Algiers,Barcelona,511
250,Algiers,Beijing,9108
251,Algiers,Belm,6796
252,Algiers,Belfast,2091
253,Algiers,Belgrade,1718
254,Algiers,Berlin,1922
255,Algiers,Birmingham,1774
256,Algiers,Bogot,8571
257,Algiers,Bombay,6987
258,Algiers,Bordeaux,937
259,Algiers,Bremen,1862
260,Algiers,Brisbane,17032
261,Algiers,Bristol,1685
262,Algiers,Brussels,1564
263,Algiers,Bucharest,2115
264,Algiers,Budapest,1772
265,Algiers,Buenos Aires,10163
266,Algiers,Cairo,2725
267,Algiers,Calcutta,8137
268,Algiers,Canton,10131
269,Algiers,Cape Town,8026
270,Algiers,Caracas,7540
271,Algiers,Cayenne,6639
272,Algiers,Chihuahua,9641
273,Algiers,Chongqing,9147
274,Algiers,Copenhagen,2214
275,Algiers,Crdoba,10313
276,Algiers,Dakar,3190
277,Algiers,Darwin,14178
278,Algiers,Djibouti,4887
279,Algiers,Dublin,1969
280,Algiers,Durban,7967
281,Algiers,Edinburgh,2171
282,Algiers,Frankfurt,1545
283,Algiers,Georgetown,7014
284,Algiers,Glasgow,2181
285,Algiers,Guatemala City,9345
286,Algiers,Guayaquil,9524
287,Algiers,Hamburg,1936
288,Algiers,Hammerfest,3949
289,Algiers,Havana,8101
290,Algiers,Helsinki,3027
291,Algiers,Hobart,16920
292,Algiers,Hong Kong,10260
293,Algiers,Iquique,9934
294,Algiers,Irkutsk,7525
295,Algiers,Jakarta,11651
296,Algiers,Johannesburg,7483
297,Algiers,Kingston,7934
298,Algiers,Kinshasa,4748
299,Algiers,Kuala Lumpur,10569
300,Algiers,La Paz,9526
301,Algiers,Leeds,1912
302,Algiers,Lima,9938
303,Algiers,Lisbon,1087
304,Algiers,Liverpool,1901
305,Algiers,London,1652
306,Algiers,Lyons,1003
307,Algiers,Madrid,706
308,Algiers,Manchester,1897
309,Algiers,Manila,11369
310,Algiers,Marseilles,749
311,Algiers,Mazatln,10061
312,Algiers,Mecca,3923
313,Algiers,Melbourne,16673
314,Algiers,Mexico City,9746
315,Algiers,Milan,1087
316,Algiers,Montevideo,10047
317,Algiers,Moscow,3332
318,Algiers,Munich,1438
319,Algiers,Nagasaki,10515
320,Algiers,Nagoya,10705
321,Algiers,Nairobi,5506
322,Algiers,Nanjing (Nanking),9867
323,Algiers,Naples,1070
324,Algiers,New Delhi,6831
325,Algiers,Newcastle-on-Tyne,2046
326,Algiers,Odessa,2528
327,Algiers,Osaka,10681
328,Algiers,Oslo,2628
329,Algiers,Panama City,8749
330,Algiers,Paramaribo,6824
331,Algiers,Paris,1331
332,Algiers,Perth,13958
333,Algiers,Plymouth,1612
334,Algiers,Port Moresby,15295
335,Algiers,Prague,1734
336,Algiers,Rangoon,9154
337,Algiers,Reykjavk,3456
338,Algiers,Rio de Janeiro,8223
339,Algiers,Rome,987
340,Algiers,Salvador,7030
341,Algiers,Santiago,10926
342,Algiers,St. Petersburg,3217
343,Algiers,So Paulo,8481
344,Algiers,Shanghai,10110
345,Algiers,Singapore,10893
346,Algiers,Sofia,1849
347,Algiers,Stockholm,2720
348,Algiers,Sydney,17111
349,Algiers,Tananarive,7754
350,Algiers,Teheran,4322
351,Algiers,Tokyo,10800
352,Algiers,Tripoli,1024
353,Algiers,Venice,1233
354,Algiers,Veracruz,9520
355,Algiers,Vienna,1668
356,Algiers,Vladivostok,9735
357,Algiers,Warsaw,2216
358,Algiers,Wellington,19150
359,Algiers,Zrich,1254
360,Amsterdam,Aberdeen,696
361,Amsterdam,Adelaide,15908
362,Amsterdam,Algiers,1733
363,Amsterdam,Amsterdam,0
364,Amsterdam,Ankara,2540
365,Amsterdam,Asuncin,10538
366,Amsterdam,Athens,2165
367,Amsterdam,Auckland,18118
368,Amsterdam,Bangkok,9175
369,Amsterdam,Barcelona,1238
370,Amsterdam,Beijing,7822
371,Amsterdam,Belm,7770
372,Amsterdam,Belfast,757
373,Amsterdam,Belgrade,1416
374,Amsterdam,Berlin,578
375,Amsterdam,Birmingham,461
376,Amsterdam,Bogot,8871
377,Amsterdam,Bombay,6854
378,Amsterdam,Bordeaux,926
379,Amsterdam,Bremen,276
380,Amsterdam,Brisbane,16201
381,Amsterdam,Bristol,521
382,Amsterdam,Brussels,170
383,Amsterdam,Bucharest,1790
384,Amsterdam,Budapest,1148
385,Amsterdam,Buenos Aires,11441
386,Amsterdam,Cairo,3290
387,Amsterdam,Calcutta,7609
388,Amsterdam,Canton,9151
389,Amsterdam,Cape Town,9683
390,Amsterdam,Caracas,7863
391,Amsterdam,Cayenne,7411
392,Amsterdam,Chihuahua,8805
393,Amsterdam,Chongqing,8160
394,Amsterdam,Copenhagen,621
395,Amsterdam,Crdoba,11467
396,Amsterdam,Dakar,4634
397,Amsterdam,Darwin,13499
398,Amsterdam,Djibouti,5679
399,Amsterdam,Dublin,754
400,Amsterdam,Durban,9489
401,Amsterdam,Edinburgh,655
402,Amsterdam,Frankfurt,364
403,Amsterdam,Georgetown,7612
404,Amsterdam,Glasgow,708
405,Amsterdam,Guatemala City,9085
406,Amsterdam,Guayaquil,9847
407,Amsterdam,Hamburg,369
408,Amsterdam,Hammerfest,2239
409,Amsterdam,Havana,7811
410,Amsterdam,Helsinki,1505
411,Amsterdam,Hobart,17047
412,Amsterdam,Hong Kong,9278
413,Amsterdam,Iquique,10803
414,Amsterdam,Irkutsk,6164
415,Amsterdam,Jakarta,11367
416,Amsterdam,Johannesburg,9022
417,Amsterdam,Kingston,7876
418,Amsterdam,Kinshasa,6377
419,Amsterdam,Kuala Lumpur,10192
420,Amsterdam,La Paz,10361
421,Amsterdam,Leeds,453
422,Amsterdam,Lima,10522
423,Amsterdam,Lisbon,1861
424,Amsterdam,Liverpool,541
425,Amsterdam,London,352
426,Amsterdam,Lyons,735
427,Amsterdam,Madrid,1478
428,Amsterdam,Manchester,494
429,Amsterdam,Manila,10391
430,Amsterdam,Marseilles,1005
431,Amsterdam,Mazatln,9317
432,Amsterdam,Mecca,4544
433,Amsterdam,Melbourne,16545
434,Amsterdam,Mexico City,9214
435,Amsterdam,Milan,829
436,Amsterdam,Montevideo,11358
437,Amsterdam,Moscow,2147
438,Amsterdam,Munich,669
439,Amsterdam,Nagasaki,9150
440,Amsterdam,Nagoya,9234
441,Amsterdam,Nairobi,6687
442,Amsterdam,Nanjing (Nanking),8661
443,Amsterdam,Naples,1465
444,Amsterdam,New Delhi,6359
445,Amsterdam,Newcastle-on-Tyne,516
446,Amsterdam,Odessa,1974
447,Amsterdam,Osaka,9231
448,Amsterdam,Oslo,916
449,Amsterdam,Panama City,8840
450,Amsterdam,Paramaribo,7511
451,Amsterdam,Paris,435
452,Amsterdam,Perth,14144
453,Amsterdam,Plymouth,658
454,Amsterdam,Port Moresby,14154
455,Amsterdam,Prague,711
456,Amsterdam,Rangoon,8607
457,Amsterdam,Reykjavk,2014
458,Amsterdam,Rio de Janeiro,9581
459,Amsterdam,Rome,1295
460,Amsterdam,Salvador,8360
461,Amsterdam,Santiago,12017
462,Amsterdam,St. Petersburg,1769
463,Amsterdam,So Paulo,9795
464,Amsterdam,Shanghai,8880
465,Amsterdam,Singapore,10510
466,Amsterdam,Sofia,1747
467,Amsterdam,Stockholm,1122
468,Amsterdam,Sydney,16642
469,Amsterdam,Tananarive,8923
470,Amsterdam,Teheran,4083
471,Amsterdam,Tokyo,9293
472,Amsterdam,Tripoli,2260
473,Amsterdam,Venice,942
474,Amsterdam,Veracruz,9051
475,Amsterdam,Vienna,932
476,Amsterdam,Vladivostok,8245
477,Amsterdam,Warsaw,1093
478,Amsterdam,Wellington,18565
479,Amsterdam,Zrich,615
480,Ankara,Aberdeen,3158
481,Ankara,Adelaide,13621
482,Ankara,Algiers,2617
483,Ankara,Amsterdam,2540
484,Ankara,Ankara,0
485,Ankara,Asuncin,11820
486,Ankara,Athens,824
487,Ankara,Auckland,16696
488,Ankara,Bangkok,7128
489,Ankara,Barcelona,2587
490,Ankara,Beijing,6829
491,Ankara,Belm,9380
492,Ankara,Belfast,3297
493,Ankara,Belgrade,1154
494,Ankara,Berlin,2039
495,Ankara,Birmingham,2981
496,Ankara,Bogot,11127
497,Ankara,Bombay,4454
498,Ankara,Bordeaux,2779
499,Ankara,Bremen,2335
500,Ankara,Brisbane,14420
501,Ankara,Bristol,3003
502,Ankara,Brussels,2517
503,Ankara,Bucharest,750
504,Ankara,Budapest,1392
505,Ankara,Buenos Aires,12479
506,Ankara,Cairo,1108
507,Ankara,Calcutta,5519
508,Ankara,Canton,7590
509,Ankara,Cape Town,8344
510,Ankara,Caracas,10095
511,Ankara,Cayenne,9256
512,Ankara,Chihuahua,11295
513,Ankara,Chongqing,6627
514,Ankara,Copenhagen,2301
515,Ankara,Crdoba,12738
516,Ankara,Dakar,5619
517,Ankara,Darwin,11564
518,Ankara,Djibouti,3313
519,Ankara,Dublin,3287
520,Ankara,Durban,7764
521,Ankara,Edinburgh,3169
522,Ankara,Frankfurt,2202
523,Ankara,Georgetown,9625
524,Ankara,Glasgow,3230
525,Ankara,Guatemala City,11597
526,Ankara,Guayaquil,12095
527,Ankara,Hamburg,2292
528,Ankara,Hammerfest,3456
529,Ankara,Havana,10321
530,Ankara,Helsinki,2317
531,Ankara,Hobart,14674
532,Ankara,Hong Kong,7718
533,Ankara,Iquique,12515
534,Ankara,Irkutsk,5433
535,Ankara,Jakarta,9102
536,Ankara,Johannesburg,7368
537,Ankara,Kingston,10314
538,Ankara,Kinshasa,5236
539,Ankara,Kuala Lumpur,7984
540,Ankara,La Paz,12120
541,Ankara,Leeds,2993
542,Ankara,Lima,12555
543,Ankara,Lisbon,3587
544,Ankara,Liverpool,3079
545,Ankara,London,2836
546,Ankara,Lyons,2366
547,Ankara,Madrid,3088
548,Ankara,Manchester,3033
549,Ankara,Manila,8808
550,Ankara,Marseilles,2313
551,Ankara,Mazatln,11828
552,Ankara,Mecca,2149
553,Ankara,Melbourne,14273
554,Ankara,Mexico City,11754
555,Ankara,Milan,2027
556,Ankara,Montevideo,12332
557,Ankara,Moscow,1793
558,Ankara,Munich,1925
559,Ankara,Nagasaki,8274
560,Ankara,Nagoya,8612
561,Ankara,Nairobi,4614
562,Ankara,Nanjing (Nanking),7481
563,Ankara,Naples,1581
564,Ankara,New Delhi,4213
565,Ankara,Newcastle-on-Tyne,3042
566,Ankara,Odessa,746
567,Ankara,Osaka,8554
568,Ankara,Oslo,2708
569,Ankara,Panama City,11220
570,Ankara,Paramaribo,9441
571,Ankara,Paris,2602
572,Ankara,Perth,11681
573,Ankara,Plymouth,3087
574,Ankara,Port Moresby,12736
575,Ankara,Prague,1832
576,Ankara,Rangoon,6537
577,Ankara,Reykjavk,4408
578,Ankara,Rio de Janeiro,10522
579,Ankara,Rome,1729
580,Ankara,Salvador,9399
581,Ankara,Santiago,13380
582,Ankara,St. Petersburg,2233
583,Ankara,So Paulo,10819
584,Ankara,Shanghai,7738
585,Ankara,Singapore,8309
586,Ankara,Sofia,856
587,Ankara,Stockholm,2392
588,Ankara,Sydney,14584
589,Ankara,Tananarive,6706
590,Ankara,Teheran,1713
591,Ankara,Tokyo,8765
592,Ankara,Tripoli,1921
593,Ankara,Venice,1784
594,Ankara,Veracruz,11591
595,Ankara,Vienna,1610
596,Ankara,Vladivostok,7724
597,Ankara,Warsaw,1644
598,Ankara,Wellington,16817
599,Ankara,Zrich,2119
600,Asuncin,Aberdeen,10521
601,Asuncin,Adelaide,13108
602,Asuncin,Algiers,9376
603,Asuncin,Amsterdam,10538
604,Asuncin,Ankara,11820
605,Asuncin,Asuncin,0
606,Asuncin,Athens,11002
607,Asuncin,Auckland,11195
608,Asuncin,Bangkok,17399
609,Asuncin,Barcelona,9630
610,Asuncin,Beijing,18293
611,Asuncin,Belm,2822
612,Asuncin,Belfast,10156
613,Asuncin,Belgrade,11094
614,Asuncin,Berlin,11030
615,Asuncin,Birmingham,10183
616,Asuncin,Bogot,3764
617,Asuncin,Bombay,14893
618,Asuncin,Bordeaux,9706
619,Asuncin,Bremen,10801
620,Asuncin,Brisbane,13287
621,Asuncin,Bristol,10078
622,Asuncin,Brussels,10410
623,Asuncin,Bucharest,11476
624,Asuncin,Budapest,11124
625,Asuncin,Buenos Aires,1040
626,Asuncin,Cairo,11290
627,Asuncin,Calcutta,16561
628,Asuncin,Canton,19063
629,Asuncin,Cape Town,7251
630,Asuncin,Caracas,4099
631,Asuncin,Cayenne,3393
632,Asuncin,Chihuahua,7914
633,Asuncin,Chongqing,18382
634,Asuncin,Copenhagen,11158
635,Asuncin,Crdoba,938
636,Asuncin,Dakar,6218
637,Asuncin,Darwin,15720
638,Asuncin,Djibouti,11616
639,Asuncin,Dublin,10041
640,Asuncin,Durban,8513
641,Asuncin,Edinburgh,10383
642,Asuncin,Frankfurt,10611
643,Asuncin,Georgetown,3558
644,Asuncin,Glasgow,10327
645,Asuncin,Guatemala City,5685
646,Asuncin,Guayaquil,3503
647,Asuncin,Hamburg,10897
648,Asuncin,Hammerfest,12333
649,Asuncin,Havana,6003
650,Asuncin,Helsinki,12033
651,Asuncin,Hobart,12020
652,Asuncin,Hong Kong,19124
653,Asuncin,Iquique,1395
654,Asuncin,Irkutsk,16629
655,Asuncin,Jakarta,16128
656,Asuncin,Johannesburg,8406
657,Asuncin,Kingston,5235
658,Asuncin,Kinshasa,8090
659,Asuncin,Kuala Lumpur,16710
660,Asuncin,La Paz,1479
661,Asuncin,Leeds,10302
662,Asuncin,Lima,2511
663,Asuncin,Lisbon,8721
664,Asuncin,Liverpool,10203
665,Asuncin,London,10213
666,Asuncin,Lyons,10097
667,Asuncin,Madrid,9187
668,Asuncin,Manchester,10246
669,Asuncin,Manila,18820
670,Asuncin,Marseilles,9969
671,Asuncin,Mazatln,7523
672,Asuncin,Mecca,11715
673,Asuncin,Melbourne,12618
674,Asuncin,Mexico City,6690
675,Asuncin,Milan,10354
676,Asuncin,Montevideo,1080
677,Asuncin,Moscow,12624
678,Asuncin,Munich,10670
679,Asuncin,Nagasaki,18896
680,Asuncin,Nagoya,18237
681,Asuncin,Nairobi,10400
682,Asuncin,Nanjing (Nanking),19187
683,Asuncin,Naples,10431
684,Asuncin,New Delhi,15550
685,Asuncin,Newcastle-on-Tyne,10385
686,Asuncin,Odessa,11898
687,Asuncin,Osaka,18381
688,Asuncin,Oslo,11305
689,Asuncin,Panama City,4481
690,Asuncin,Paramaribo,3456
691,Asuncin,Paris,10154
692,Asuncin,Perth,13617
693,Asuncin,Plymouth,9922
694,Asuncin,Port Moresby,15316
695,Asuncin,Prague,10959
696,Asuncin,Rangoon,17132
697,Asuncin,Reykjavk,10405
698,Asuncin,Rio de Janeiro,1489
699,Asuncin,Rome,10363
700,Asuncin,Salvador,2434
701,Asuncin,Santiago,1560
702,Asuncin,St. Petersburg,12306
703,Asuncin,So Paulo,1145
704,Asuncin,Shanghai,19351
705,Asuncin,Singapore,16693
706,Asuncin,Sofia,11193
707,Asuncin,Stockholm,11635
708,Asuncin,Sydney,12764
709,Asuncin,Tananarive,10562
710,Asuncin,Teheran,13293
711,Asuncin,Tokyo,17988
712,Asuncin,Tripoli,9900
713,Asuncin,Venice,10561
714,Asuncin,Veracruz,6459
715,Asuncin,Vienna,10980
716,Asuncin,Vladivostok,17837
717,Asuncin,Warsaw,11475
718,Asuncin,Wellington,10855
719,Asuncin,Zrich,10430
720,Athens,Aberdeen,2849
721,Athens,Adelaide,14301
722,Athens,Algiers,1830
723,Athens,Amsterdam,2165
724,Athens,Ankara,824
725,Athens,Asuncin,11002
726,Athens,Athens,0
727,Athens,Auckland,17464
728,Athens,Bangkok,7923
729,Athens,Barcelona,1879
730,Athens,Beijing,7618
731,Athens,Belm,8560
732,Athens,Belfast,2898
733,Athens,Belgrade,811
734,Athens,Berlin,1801
735,Athens,Birmingham,2548
736,Athens,Bogot,10391
737,Athens,Bombay,5169
738,Athens,Bordeaux,2150
739,Athens,Bremen,2033
740,Athens,Brisbane,15202
741,Athens,Bristol,2540
742,Athens,Brussels,2090
743,Athens,Bucharest,744
744,Athens,Budapest,1125
745,Athens,Buenos Aires,11681
746,Athens,Cairo,1127
747,Athens,Calcutta,6317
748,Athens,Canton,8414
749,Athens,Cape Town,8012
750,Athens,Caracas,9359
751,Athens,Cayenne,8453
752,Athens,Chihuahua,10956
753,Athens,Chongqing,7450
754,Athens,Copenhagen,2137
755,Athens,Crdoba,11924
756,Athens,Dakar,4796
757,Athens,Darwin,12350
758,Athens,Djibouti,3514
759,Athens,Dublin,2854
760,Athens,Durban,7581
761,Athens,Edinburgh,2820
762,Athens,Frankfurt,1801
763,Athens,Georgetown,8843
764,Athens,Glasgow,2872
765,Athens,Guatemala City,11017
766,Athens,Guayaquil,11350
767,Athens,Hamburg,2024
768,Athens,Hammerfest,3632
769,Athens,Havana,9748
770,Athens,Helsinki,2470
771,Athens,Hobart,15298
772,Athens,Hong Kong,8543
773,Athens,Iquique,11693
774,Athens,Irkutsk,6171
775,Athens,Jakarta,9834
776,Athens,Johannesburg,7149
777,Athens,Kingston,9670
778,Athens,Kinshasa,4779
779,Athens,Kuala Lumpur,8740
780,Athens,La Paz,11301
781,Athens,Leeds,2600
782,Athens,Lima,11760
783,Athens,Lisbon,2851
784,Athens,Liverpool,2666
785,Athens,London,2391
786,Athens,Lyons,1781
787,Athens,Madrid,2368
788,Athens,Manchester,2627
789,Athens,Manila,9632
790,Athens,Marseilles,1657
791,Athens,Mazatln,11451
792,Athens,Mecca,2391
793,Athens,Melbourne,14948
794,Athens,Mexico City,11280
795,Athens,Milan,1463
796,Athens,Montevideo,11540
797,Athens,Moscow,2232
798,Athens,Munich,1496
799,Athens,Nagasaki,9061
800,Athens,Nagoya,9371
801,Athens,Nairobi,4584
802,Athens,Nanjing (Nanking),8290
803,Athens,Naples,873
804,Athens,New Delhi,5011
805,Athens,Newcastle-on-Tyne,2680
806,Athens,Odessa,1108
807,Athens,Osaka,9319
808,Athens,Oslo,2611
809,Athens,Panama City,10534
810,Athens,Paramaribo,8648
811,Athens,Paris,2094
812,Athens,Perth,12290
813,Athens,Plymouth,2589
814,Athens,Port Moresby,13558
815,Athens,Prague,1535
816,Athens,Rangoon,7331
817,Athens,Reykjavk,4161
818,Athens,Rio de Janeiro,9722
819,Athens,Rome,1054
820,Athens,Salvador,8587
821,Athens,Santiago,12563
822,Athens,St. Petersburg,2486
823,Athens,So Paulo,10013
824,Athens,Shanghai,8545
825,Athens,Singapore,9065
826,Athens,Sofia,523
827,Athens,Stockholm,2404
828,Athens,Sydney,15314
829,Athens,Tananarive,6789
830,Athens,Teheran,2496
831,Athens,Tokyo,9512
832,Athens,Tripoli,1102
833,Athens,Venice,1255
834,Athens,Veracruz,11089
835,Athens,Vienna,1287
836,Athens,Vladivostok,8460
837,Athens,Warsaw,1600
838,Athens,Wellington,17521
839,Athens,Zrich,1617
840,Auckland,Aberdeen,17748
841,Auckland,Adelaide,3244
842,Auckland,Algiers,19281
843,Auckland,Amsterdam,18118
844,Auckland,Ankara,16696
845,Auckland,Asuncin,11195
846,Auckland,Athens,17464
847,Auckland,Auckland,0
848,Auckland,Bangkok,9571
849,Auckland,Barcelona,19203
850,Auckland,Beijing,10408
851,Auckland,Belm,13850
852,Auckland,Belfast,18040
853,Auckland,Belgrade,17684
854,Auckland,Berlin,17748
855,Auckland,Birmingham,18266
856,Auckland,Bogot,12171
857,Auckland,Bombay,12298
858,Auckland,Bordeaux,19044
859,Auckland,Bremen,17907
860,Auckland,Brisbane,2278
861,Auckland,Bristol,18378
862,Auckland,Brussels,18281
863,Auckland,Bucharest,17258
864,Auckland,Budapest,17701
865,Auckland,Buenos Aires,10356
866,Auckland,Cairo,16557
867,Auckland,Calcutta,11181
868,Auckland,Canton,9269
869,Auckland,Cape Town,11772
870,Auckland,Caracas,13204
871,Auckland,Cayenne,14056
872,Auckland,Chihuahua,11001
873,Auckland,Chongqing,10260
874,Auckland,Copenhagen,17532
875,Auckland,Crdoba,10256
876,Auckland,Dakar,17266
877,Auckland,Darwin,5135
878,Auckland,Djibouti,14441
879,Auckland,Dublin,18182
880,Auckland,Durban,11691
881,Auckland,Edinburgh,17891
882,Auckland,Frankfurt,18168
883,Auckland,Georgetown,13707
884,Auckland,Glasgow,17904
885,Auckland,Guatemala City,11389
886,Auckland,Guayaquil,11215
887,Auckland,Hamburg,17817
888,Auckland,Hammerfest,15897
889,Auckland,Havana,12626
890,Auckland,Helsinki,16656
891,Auckland,Hobart,2422
892,Auckland,Hong Kong,9140
893,Auckland,Iquique,10723
894,Auckland,Irkutsk,12033
895,Auckland,Jakarta,7633
896,Auckland,Johannesburg,12183
897,Auckland,Kingston,12810
898,Auckland,Kinshasa,14966
899,Auckland,Kuala Lumpur,8724
900,Auckland,La Paz,11141
901,Auckland,Leeds,18115
902,Auckland,Lima,10773
903,Auckland,Lisbon,19614
904,Auckland,Liverpool,18166
905,Auckland,London,18334
906,Auckland,Lyons,18719
907,Auckland,Madrid,19596
908,Auckland,Manchester,18151
909,Auckland,Manila,8024
910,Auckland,Marseilles,18864
911,Auckland,Mazatln,10606
912,Auckland,Mecca,15373
913,Auckland,Melbourne,2624
914,Auckland,Mexico City,10958
915,Auckland,Milan,18480
916,Auckland,Montevideo,10457
917,Auckland,Moscow,16200
918,Auckland,Munich,18158
919,Auckland,Nagasaki,9034
920,Auckland,Nagoya,8907
921,Auckland,Nairobi,13933
922,Auckland,Nanjing (Nanking),9611
923,Auckland,Naples,18273
924,Auckland,New Delhi,12486
925,Auckland,Newcastle-on-Tyne,17983
926,Auckland,Odessa,16868
927,Auckland,Osaka,8917
928,Auckland,Oslo,17208
929,Auckland,Panama City,11999
930,Auckland,Paramaribo,13885
931,Auckland,Paris,18552
932,Auckland,Perth,5344
933,Auckland,Plymouth,18505
934,Auckland,Port Moresby,4126
935,Auckland,Prague,17863
936,Auckland,Rangoon,10162
937,Auckland,Reykjavk,16790
938,Auckland,Rio de Janeiro,12265
939,Auckland,Rome,18397
940,Auckland,Salvador,13477
941,Auckland,Santiago,9662
942,Auckland,St. Petersburg,16424
943,Auckland,So Paulo,12029
944,Auckland,Shanghai,9377
945,Auckland,Singapore,8399
946,Auckland,Sofia,17501
947,Auckland,Stockholm,17014
948,Auckland,Sydney,2169
949,Auckland,Tananarive,11710
950,Auckland,Teheran,14984
951,Auckland,Tokyo,8837
952,Auckland,Tripoli,18280
953,Auckland,Venice,18267
954,Auckland,Veracruz,11192
955,Auckland,Vienna,17854
956,Auckland,Vladivostok,9892
957,Auckland,Warsaw,17349
958,Auckland,Wellington,491
959,Auckland,Zrich,18392
960,Bangkok,Aberdeen,9469
961,Bangkok,Adelaide,6739
962,Bangkok,Algiers,9746
963,Bangkok,Amsterdam,9175
964,Bangkok,Ankara,7128
965,Bangkok,Asuncin,17399
966,Bangkok,Athens,7923
967,Bangkok,Auckland,9571
968,Bangkok,Bangkok,0
969,Bangkok,Barcelona,9680
970,Bangkok,Beijing,3298
971,Bangkok,Belm,16340
972,Bangkok,Belfast,9786
973,Bangkok,Belgrade,8148
974,Bangkok,Berlin,8603
975,Bangkok,Birmingham,9618
976,Bangkok,Bogot,17901
977,Bangkok,Bombay,3008
978,Bangkok,Bordeaux,9778
979,Bangkok,Bremen,8900
980,Bangkok,Brisbane,7293
981,Bangkok,Bristol,9695
982,Bangkok,Brussels,9248
983,Bangkok,Bucharest,7708
984,Bangkok,Budapest,8244
985,Bangkok,Buenos Aires,16873
986,Bangkok,Cairo,7258
987,Bangkok,Calcutta,1609
988,Bangkok,Canton,1699
989,Bangkok,Cape Town,10149
990,Bangkok,Caracas,16991
991,Bangkok,Cayenne,16372
992,Bangkok,Chihuahua,14504
993,Bangkok,Chongqing,1886
994,Bangkok,Copenhagen,8620
995,Bangkok,Crdoba,17499
996,Bangkok,Dakar,12494
997,Bangkok,Darwin,4436
998,Bangkok,Djibouti,6224
999,Bangkok,Dublin,9857
1000,Bangkok,Durban,8887
1001,Bangkok,Edinburgh,9572
1002,Bangkok,Frankfurt,8966
1003,Bangkok,Georgetown,16744
1004,Bangkok,Glasgow,9639
1005,Bangkok,Guatemala City,16635
1006,Bangkok,Guayaquil,18726
1007,Bangkok,Hamburg,8812
1008,Bangkok,Hammerfest,8083
1009,Bangkok,Havana,15901
1010,Bangkok,Helsinki,7884
1011,Bangkok,Hobart,7895
1012,Bangkok,Hong Kong,1731
1013,Bangkok,Iquique,18788
1014,Bangkok,Irkutsk,4322
1015,Bangkok,Jakarta,2331
1016,Bangkok,Johannesburg,8996
1017,Bangkok,Kingston,16474
1018,Bangkok,Kinshasa,9606
1019,Bangkok,Kuala Lumpur,1187
1020,Bangkok,La Paz,18782
1021,Bangkok,Leeds,9546
1022,Bangkok,Lima,19684
1023,Bangkok,Lisbon,10684
1024,Bangkok,Liverpool,9652
1025,Bangkok,London,9528
1026,Bangkok,Lyons,9348
1027,Bangkok,Madrid,10180
1028,Bangkok,Manchester,9602
1029,Bangkok,Manila,2205
1030,Bangkok,Marseilles,9372
1031,Bangkok,Mazatln,14969
1032,Bangkok,Mecca,6458
1033,Bangkok,Melbourne,7370
1034,Bangkok,Mexico City,15745
1035,Bangkok,Milan,9025
1036,Bangkok,Montevideo,16699
1037,Bangkok,Moscow,7065
1038,Bangkok,Munich,8794
1039,Bangkok,Nagasaki,3656
1040,Bangkok,Nagoya,4348
1041,Bangkok,Nairobi,7202
1042,Bangkok,Nanjing (Nanking),2763
1043,Bangkok,Naples,8702
1044,Bangkok,New Delhi,2915
1045,Bangkok,Newcastle-on-Tyne,9512
1046,Bangkok,Odessa,7354
1047,Bangkok,Osaka,4202
1048,Bangkok,Oslo,8676
1049,Bangkok,Panama City,17489
1050,Bangkok,Paramaribo,16570
1051,Bangkok,Paris,9446
1052,Bangkok,Perth,5338
1053,Bangkok,Plymouth,9833
1054,Bangkok,Port Moresby,5754
1055,Bangkok,Prague,8561
1056,Bangkok,Rangoon,591
1057,Bangkok,Reykjavk,10098
1058,Bangkok,Rio de Janeiro,16061
1059,Bangkok,Rome,8832
1060,Bangkok,Salvador,15578
1061,Bangkok,Santiago,17651
1062,Bangkok,St. Petersburg,7589
1063,Bangkok,So Paulo,16384
1064,Bangkok,Shanghai,2886
1065,Bangkok,Singapore,1441
1066,Bangkok,Sofia,7934
1067,Bangkok,Stockholm,8268
1068,Bangkok,Sydney,7528
1069,Bangkok,Tananarive,6838
1070,Bangkok,Teheran,5426
1071,Bangkok,Tokyo,4607
1072,Bangkok,Tripoli,8934
1073,Bangkok,Venice,8782
1074,Bangkok,Veracruz,15925
1075,Bangkok,Vienna,8443
1076,Bangkok,Vladivostok,4441
1077,Bangkok,Warsaw,8091
1078,Bangkok,Wellington,9746
1079,Bangkok,Zrich,9035
1080,Barcelona,Aberdeen,1779
1081,Barcelona,Adelaide,16180
1082,Barcelona,Algiers,511
1083,Barcelona,Amsterdam,1238
1084,Barcelona,Ankara,2587
1085,Barcelona,Asuncin,9630
1086,Barcelona,Athens,1879
1087,Barcelona,Auckland,19203
1088,Barcelona,Bangkok,9680
1089,Barcelona,Barcelona,0
1090,Barcelona,Beijing,8804
1091,Barcelona,Belm,6970
1092,Barcelona,Belfast,1587
1093,Barcelona,Belgrade,1537
1094,Barcelona,Berlin,1499
1095,Barcelona,Birmingham,1264
1096,Barcelona,Bogot,8541
1097,Barcelona,Bombay,7031
1098,Barcelona,Bordeaux,440
1099,Barcelona,Bremen,1393
1100,Barcelona,Brisbane,16959
1101,Barcelona,Bristol,1177
1102,Barcelona,Brussels,1068
1103,Barcelona,Bucharest,1973
1104,Barcelona,Budapest,1502
1105,Barcelona,Buenos Aires,10461
1106,Barcelona,Cairo,2904
1107,Barcelona,Calcutta,8072
1108,Barcelona,Canton,9936
1109,Barcelona,Cape Town,8535
1110,Barcelona,Caracas,7508
1111,Barcelona,Cayenne,6743
1112,Barcelona,Chihuahua,9301
1113,Barcelona,Chongqing,8944
1114,Barcelona,Copenhagen,1759
1115,Barcelona,Crdoba,10569
1116,Barcelona,Dakar,3521
1117,Barcelona,Darwin,14113
1118,Barcelona,Djibouti,5177
1119,Barcelona,Dublin,1469
1120,Barcelona,Durban,8456
1121,Barcelona,Edinburgh,1661
1122,Barcelona,Frankfurt,1094
1123,Barcelona,Georgetown,7064
1124,Barcelona,Glasgow,1672
1125,Barcelona,Guatemala City,9157
1126,Barcelona,Guayaquil,9508
1127,Barcelona,Hamburg,1474
1128,Barcelona,Hammerfest,3471
1129,Barcelona,Havana,7895
1130,Barcelona,Helsinki,2606
1131,Barcelona,Hobart,17158
1132,Barcelona,Hong Kong,10065
1133,Barcelona,Iquique,10092
1134,Barcelona,Irkutsk,7189
1135,Barcelona,Jakarta,11688
1136,Barcelona,Johannesburg,7975
1137,Barcelona,Kingston,7792
1138,Barcelona,Kinshasa,5251
1139,Barcelona,Kuala Lumpur,10569
1140,Barcelona,La Paz,9670
1141,Barcelona,Leeds,1401
1142,Barcelona,Lima,10005
1143,Barcelona,Lisbon,1004
1144,Barcelona,Liverpool,1392
1145,Barcelona,London,1141
1146,Barcelona,Lyons,531
1147,Barcelona,Madrid,502
1148,Barcelona,Manchester,1386
1149,Barcelona,Manila,11182
1150,Barcelona,Marseilles,339
1151,Barcelona,Mazatln,9747
1152,Barcelona,Mecca,4149
1153,Barcelona,Melbourne,16828
1154,Barcelona,Mexico City,9486
1155,Barcelona,Milan,724
1156,Barcelona,Montevideo,10356
1157,Barcelona,Moscow,3010
1158,Barcelona,Munich,1055
1159,Barcelona,Nagasaki,10188
1160,Barcelona,Nagoya,10339
1161,Barcelona,Nairobi,5909
1162,Barcelona,Nanjing (Nanking),9594
1163,Barcelona,Naples,1014
1164,Barcelona,New Delhi,6772
1165,Barcelona,Newcastle-on-Tyne,1535
1166,Barcelona,Odessa,2348
1167,Barcelona,Osaka,10323
1168,Barcelona,Oslo,2146
1169,Barcelona,Panama City,8658
1170,Barcelona,Paramaribo,6901
1171,Barcelona,Paris,824
1172,Barcelona,Perth,14154
1173,Barcelona,Plymouth,1113
1174,Barcelona,Port Moresby,15077
1175,Barcelona,Prague,1354
1176,Barcelona,Rangoon,9091
1177,Barcelona,Reykjavk,2959
1178,Barcelona,Rio de Janeiro,8543
1179,Barcelona,Rome,857
1180,Barcelona,Salvador,7335
1181,Barcelona,Santiago,11163
1182,Barcelona,St. Petersburg,2820
1183,Barcelona,So Paulo,8785
1184,Barcelona,Shanghai,9830
1185,Barcelona,Singapore,10894
1186,Barcelona,Sofia,1750
1187,Barcelona,Stockholm,2274
1188,Barcelona,Sydney,17171
1189,Barcelona,Tananarive,8164
1190,Barcelona,Teheran,4298
1191,Barcelona,Tokyo,10419
1192,Barcelona,Tripoli,1353
1193,Barcelona,Venice,936
1194,Barcelona,Veracruz,9276
1195,Barcelona,Vienna,1350
1196,Barcelona,Vladivostok,9359
1197,Barcelona,Warsaw,1864
1198,Barcelona,Wellington,19400
1199,Barcelona,Zrich,833
1200,Beijing,Aberdeen,7796
1201,Beijing,Adelaide,8626
1202,Beijing,Algiers,9108
1203,Beijing,Amsterdam,7822
1204,Beijing,Ankara,6829
1205,Beijing,Asuncin,18293
1206,Beijing,Athens,7618
1207,Beijing,Auckland,10408
1208,Beijing,Bangkok,3298
1209,Beijing,Barcelona,8804
1210,Beijing,Beijing,0
1211,Beijing,Belm,15475
1212,Beijing,Belfast,8162
1213,Beijing,Belgrade,7406
1214,Beijing,Berlin,7357
1215,Beijing,Birmingham,8156
1216,Beijing,Bogot,14953
1217,Beijing,Bombay,4757
1218,Beijing,Bordeaux,8685
1219,Beijing,Bremen,7567
1220,Beijing,Brisbane,8402
1221,Beijing,Bristol,8263
1222,Beijing,Brussels,7959
1223,Beijing,Bucharest,7060
1224,Beijing,Budapest,7337
1225,Beijing,Buenos Aires,19263
1226,Beijing,Cairo,7536
1227,Beijing,Calcutta,3265
1228,Beijing,Canton,1891
1229,Beijing,Cape Town,12961
1230,Beijing,Caracas,14401
1231,Beijing,Cayenne,14908
1232,Beijing,Chihuahua,11219
1233,Beijing,Chongqing,1440
1234,Beijing,Copenhagen,7201
1235,Beijing,Crdoba,19074
1236,Beijing,Dakar,12298
1237,Beijing,Darwin,6012
1238,Beijing,Djibouti,7776
1239,Beijing,Dublin,8282
1240,Beijing,Durban,11735
1241,Beijing,Edinburgh,7937
1242,Beijing,Frankfurt,7779
1243,Beijing,Georgetown,14797
1244,Beijing,Glasgow,7991
1245,Beijing,Guatemala City,13341
1246,Beijing,Guayaquil,15504
1247,Beijing,Hamburg,7471
1248,Beijing,Hammerfest,5963
1249,Beijing,Havana,12738
1250,Beijing,Helsinki,6318
1251,Beijing,Hobart,9715
1252,Beijing,Hong Kong,1966
1253,Beijing,Iquique,17732
1254,Beijing,Irkutsk,1675
1255,Beijing,Jakarta,5229
1256,Beijing,Johannesburg,11706
1257,Beijing,Kingston,13432
1258,Beijing,Kinshasa,11263
1259,Beijing,Kuala Lumpur,4350
1260,Beijing,La Paz,17365
1261,Beijing,Leeds,8031
1262,Beijing,Lima,16641
1263,Beijing,Lisbon,9666
1264,Beijing,Liverpool,8128
1265,Beijing,London,8136
1266,Beijing,Lyons,8313
1267,Beijing,Madrid,9220
1268,Beijing,Manchester,8086
1269,Beijing,Manila,2851
1270,Beijing,Marseilles,8465
1271,Beijing,Mazatln,11710
1272,Beijing,Mecca,7388
1273,Beijing,Melbourne,9117
1274,Beijing,Mexico City,12457
1275,Beijing,Milan,8081
1276,Beijing,Montevideo,19153
1277,Beijing,Moscow,5794
1278,Beijing,Munich,7751
1279,Beijing,Nagasaki,1444
1280,Beijing,Nagoya,1881
1281,Beijing,Nairobi,9216
1282,Beijing,Nanjing (Nanking),902
1283,Beijing,Naples,8084
1284,Beijing,New Delhi,3783
1285,Beijing,Newcastle-on-Tyne,7942
1286,Beijing,Odessa,6631
1287,Beijing,Osaka,1788
1288,Beijing,Oslo,7023
1289,Beijing,Panama City,14336
1290,Beijing,Paramaribo,14865
1291,Beijing,Paris,8221
1292,Beijing,Perth,7991
1293,Beijing,Plymouth,8420
1294,Beijing,Port Moresby,6331
1295,Beijing,Prague,7455
1296,Beijing,Rangoon,3235
1297,Beijing,Reykjavk,7889
1298,Beijing,Rio de Janeiro,17326
1299,Beijing,Rome,8128
1300,Beijing,Salvador,16136
1301,Beijing,Santiago,19055
1302,Beijing,St. Petersburg,6055
1303,Beijing,So Paulo,17588
1304,Beijing,Shanghai,1074
1305,Beijing,Singapore,4483
1306,Beijing,Sofia,7354
1307,Beijing,Stockholm,6711
1308,Beijing,Sydney,8953
1309,Beijing,Tananarive,9659
1310,Beijing,Teheran,5572
1311,Beijing,Tokyo,2097
1312,Beijing,Tripoli,8712
1313,Beijing,Venice,7890
1314,Beijing,Veracruz,12627
1315,Beijing,Vienna,7460
1316,Beijing,Vladivostok,1344
1317,Beijing,Warsaw,6941
1318,Beijing,Wellington,10780
1319,Beijing,Zrich,7984
1320,Belm,Aberdeen,7709
1321,Belm,Adelaide,15902
1322,Belm,Algiers,6796
1323,Belm,Amsterdam,7770
1324,Belm,Ankara,9380
1325,Belm,Asuncin,2822
1326,Belm,Athens,8560
1327,Belm,Auckland,13850
1328,Belm,Bangkok,16340
1329,Belm,Barcelona,6970
1330,Belm,Beijing,15475
1331,Belm,Belm,0
1332,Belm,Belfast,7347
1333,Belm,Belgrade,8491
1334,Belm,Berlin,8290
1335,Belm,Birmingham,7393
1336,Belm,Bogot,2939
1337,Belm,Bombay,13337
1338,Belm,Bordeaux,6986
1339,Belm,Bremen,8040
1340,Belm,Brisbane,16051
1341,Belm,Bristol,7292
1342,Belm,Brussels,7653
1343,Belm,Bucharest,8908
1344,Belm,Budapest,8470
1345,Belm,Buenos Aires,3822
1346,Belm,Cairo,9112
1347,Belm,Calcutta,14803
1348,Belm,Canton,16904
1349,Belm,Cape Town,7794
1350,Belm,Caracas,2444
1351,Belm,Cayenne,817
1352,Belm,Chihuahua,6976
1353,Belm,Chongqing,15909
1354,Belm,Copenhagen,8386
1355,Belm,Crdoba,3720
1356,Belm,Dakar,3856
1357,Belm,Darwin,18464
1358,Belm,Djibouti,10207
1359,Belm,Dublin,7235
1360,Belm,Durban,8901
1361,Belm,Edinburgh,7574
1362,Belm,Frankfurt,7879
1363,Belm,Georgetown,1417
1364,Belm,Glasgow,7516
1365,Belm,Guatemala City,4959
1366,Belm,Guayaquil,3496
1367,Belm,Hamburg,8135
1368,Belm,Hammerfest,9512
1369,Belm,Havana,4575
1370,Belm,Helsinki,9246
1371,Belm,Hobart,14837
1372,Belm,Hong Kong,17032
1373,Belm,Iquique,3138
1374,Belm,Irkutsk,13807
1375,Belm,Jakarta,17139
1376,Belm,Johannesburg,8594
1377,Belm,Kingston,3780
1378,Belm,Kinshasa,7086
1379,Belm,Kuala Lumpur,16697
1380,Belm,La Paz,2741
1381,Belm,Leeds,7506
1382,Belm,Lima,3358
1383,Belm,Lisbon,6009
1384,Belm,Liverpool,7405
1385,Belm,London,7435
1386,Belm,Lyons,7397
1387,Belm,Madrid,6497
1388,Belm,Manchester,7449
1389,Belm,Manila,18151
1390,Belm,Marseilles,7304
1391,Belm,Mazatln,6834
1392,Belm,Mecca,9884
1393,Belm,Melbourne,15436
1394,Belm,Mexico City,5991
1395,Belm,Milan,7681
1396,Belm,Montevideo,3800
1397,Belm,Moscow,9897
1398,Belm,Munich,7973
1399,Belm,Nagasaki,16527
1400,Belm,Nagoya,16231
1401,Belm,Nairobi,9492
1402,Belm,Nanjing (Nanking),16365
1403,Belm,Naples,7866
1404,Belm,New Delhi,13523
1405,Belm,Newcastle-on-Tyne,7583
1406,Belm,Odessa,9308
1407,Belm,Osaka,16315
1408,Belm,Oslo,8500
1409,Belm,Panama City,3630
1410,Belm,Paramaribo,1099
1411,Belm,Paris,7408
1412,Belm,Perth,15949
1413,Belm,Plymouth,7137
1414,Belm,Port Moresby,17904
1415,Belm,Prague,8249
1416,Belm,Rangoon,15771
1417,Belm,Reykjavk,7605
1418,Belm,Rio de Janeiro,2455
1419,Belm,Rome,7767
1420,Belm,Salvador,1687
1421,Belm,Santiago,4247
1422,Belm,St. Petersburg,9527
1423,Belm,So Paulo,2460
1424,Belm,Shanghai,16547
1425,Belm,Singapore,16946
1426,Belm,Sofia,8646
1427,Belm,Stockholm,8845
1428,Belm,Sydney,15576
1429,Belm,Tananarive,10589
1430,Belm,Teheran,11025
1431,Belm,Tokyo,16118
1432,Belm,Tripoli,7496
1433,Belm,Venice,7906
1434,Belm,Veracruz,5687
1435,Belm,Vienna,8303
1436,Belm,Vladivostok,15378
1437,Belm,Warsaw,8761
1438,Belm,Wellington,13567
1439,Belm,Zrich,7729
1440,Belfast,Aberdeen,367
1441,Belfast,Adelaide,16521
1442,Belfast,Algiers,2091
1443,Belfast,Amsterdam,757
1444,Belfast,Ankara,3297
1445,Belfast,Asuncin,10156
1446,Belfast,Athens,2898
1447,Belfast,Auckland,18040
1448,Belfast,Bangkok,9786
1449,Belfast,Barcelona,1587
1450,Belfast,Beijing,8162
1451,Belfast,Belm,7347
1452,Belfast,Belfast,0
1453,Belfast,Belgrade,2170
1454,Belfast,Berlin,1295
1455,Belfast,Birmingham,360
1456,Belfast,Bogot,8214
1457,Belfast,Bombay,7576
1458,Belfast,Bordeaux,1154
1459,Belfast,Bremen,980
1460,Belfast,Brisbane,16554
1461,Belfast,Bristol,415
1462,Belfast,Brussels,807
1463,Belfast,Bucharest,2546
1464,Belfast,Budapest,1905
1465,Belfast,Buenos Aires,11109
1466,Belfast,Cairo,4025
1467,Belfast,Calcutta,8249
1468,Belfast,Canton,9622
1469,Belfast,Cape Town,10115
1470,Belfast,Caracas,7222
1471,Belfast,Cayenne,6914
1472,Belfast,Chihuahua,8060
1473,Belfast,Chongqing,8643
1474,Belfast,Copenhagen,1177
1475,Belfast,Crdoba,11067
1476,Belfast,Dakar,4553
1477,Belfast,Darwin,14012
1478,Belfast,Djibouti,6411
1479,Belfast,Dublin,144
1480,Belfast,Durban,10034
1481,Belfast,Edinburgh,227
1482,Belfast,Frankfurt,1108
1483,Belfast,Georgetown,7052
1484,Belfast,Glasgow,172
1485,Belfast,Guatemala City,8340
1486,Belfast,Guayaquil,9185
1487,Belfast,Hamburg,1045
1488,Belfast,Hammerfest,2288
1489,Belfast,Havana,7068
1490,Belfast,Helsinki,1932
1491,Belfast,Hobart,17680
1492,Belfast,Hong Kong,9745
1493,Belfast,Iquique,10290
1494,Belfast,Irkutsk,6488
1495,Belfast,Jakarta,12025
1496,Belfast,Johannesburg,9556
1497,Belfast,Kingston,7160
1498,Belfast,Kinshasa,6838
1499,Belfast,Kuala Lumpur,10841
1500,Belfast,La Paz,9841
1501,Belfast,Leeds,304
1502,Belfast,Lima,9918
1503,Belfast,Lisbon,1782
1504,Belfast,Liverpool,233
1505,Belfast,London,519
1506,Belfast,Lyons,1245
1507,Belfast,Madrid,1585
1508,Belfast,Manchester,270
1509,Belfast,Manila,10844
1510,Belfast,Marseilles,1496
1511,Belfast,Mazatln,8565
1512,Belfast,Mecca,5286
1513,Belfast,Melbourne,17132
1514,Belfast,Mexico City,8457
1515,Belfast,Milan,1478
1516,Belfast,Montevideo,11047
1517,Belfast,Moscow,2720
1518,Belfast,Munich,1407
1519,Belfast,Nagasaki,9419
1520,Belfast,Nagoya,9424
1521,Belfast,Nairobi,7356
1522,Belfast,Nanjing (Nanking),9032
1523,Belfast,Naples,2136
1524,Belfast,New Delhi,7027
1525,Belfast,Newcastle-on-Tyne,279
1526,Belfast,Odessa,2713
1527,Belfast,Osaka,9438
1528,Belfast,Oslo,1157
1529,Belfast,Panama City,8142
1530,Belfast,Paramaribo,6981
1531,Belfast,Paris,860
1532,Belfast,Perth,14862
1533,Belfast,Plymouth,483
1534,Belfast,Port Moresby,14454
1535,Belfast,Prague,1465
1536,Belfast,Rangoon,9231
1537,Belfast,Reykjavk,1381
1538,Belfast,Rio de Janeiro,9328
1539,Belfast,Rome,1951
1540,Belfast,Salvador,8110
1541,Belfast,Santiago,11578
1542,Belfast,St. Petersburg,2225
1543,Belfast,So Paulo,9510
1544,Belfast,Shanghai,9234
1545,Belfast,Singapore,11154
1546,Belfast,Sofia,2500
1547,Belfast,Stockholm,1534
1548,Belfast,Sydney,17106
1549,Belfast,Tananarive,9606
1550,Belfast,Teheran,4816
1551,Belfast,Tokyo,9453
1552,Belfast,Tripoli,2836
1553,Belfast,Venice,1648
1554,Belfast,Veracruz,8295
1555,Belfast,Vienna,1689
1556,Belfast,Vladivostok,8435
1557,Belfast,Warsaw,1792
1558,Belfast,Wellington,18531
1559,Belfast,Zrich,1290
1560,Belgrade,Aberdeen,2076
1561,Belgrade,Adelaide,14747
1562,Belgrade,Algiers,1718
1563,Belgrade,Amsterdam,1416
1564,Belgrade,Ankara,1154
1565,Belgrade,Asuncin,11094
1566,Belgrade,Athens,811
1567,Belgrade,Auckland,17684
1568,Belgrade,Bangkok,8148
1569,Belgrade,Barcelona,1537
1570,Belgrade,Beijing,7406
1571,Belgrade,Belm,8491
1572,Belgrade,Belfast,2170
1573,Belgrade,Belgrade,0
1574,Belgrade,Berlin,995
1575,Belgrade,Birmingham,1840
1576,Belgrade,Bogot,10027
1577,Belgrade,Bombay,5584
1578,Belgrade,Bordeaux,1654
1579,Belgrade,Bremen,1248
1580,Belgrade,Brisbane,15421
1581,Belgrade,Bristol,1854
1582,Belgrade,Brussels,1374
1583,Belgrade,Bucharest,444
1584,Belgrade,Budapest,313
1585,Belgrade,Buenos Aires,11869
1586,Belgrade,Cairo,1901
1587,Belgrade,Calcutta,6543
1588,Belgrade,Canton,8423
1589,Belgrade,Cape Town,8763
1590,Belgrade,Caracas,8998
1591,Belgrade,Cayenne,8281
1592,Belgrade,Chihuahua,10219
1593,Belgrade,Chongqing,7435
1594,Belgrade,Copenhagen,1325
1595,Belgrade,Crdoba,12031
1596,Belgrade,Dakar,4896
1597,Belgrade,Darwin,12577
1598,Belgrade,Djibouti,4284
1599,Belgrade,Dublin,2148
1600,Belgrade,Durban,8377
1601,Belgrade,Edinburgh,2064
1602,Belgrade,Frankfurt,1062
1603,Belgrade,Georgetown,8595
1604,Belgrade,Glasgow,2121
1605,Belgrade,Guatemala City,10443
1606,Belgrade,Guayaquil,11001
1607,Belgrade,Hamburg,1227
1608,Belgrade,Hammerfest,2870
1609,Belgrade,Havana,9167
1610,Belgrade,Helsinki,1726
1611,Belgrade,Hobart,15820
1612,Belgrade,Hong Kong,8552
1613,Belgrade,Iquique,11622
1614,Belgrade,Irkutsk,5857
1615,Belgrade,Jakarta,10205
1616,Belgrade,Johannesburg,7939
1617,Belgrade,Kingston,9166
1618,Belgrade,Kinshasa,5492
1619,Belgrade,Kuala Lumpur,9066
1620,Belgrade,La Paz,11204
1621,Belgrade,Leeds,1866
1622,Belgrade,Lima,11538
1623,Belgrade,Lisbon,2537
1624,Belgrade,Liverpool,1945
1625,Belgrade,London,1690
1626,Belgrade,Lyons,1229
1627,Belgrade,Madrid,2033
1628,Belgrade,Manchester,1901
1629,Belgrade,Manila,9665
1630,Belgrade,Marseilles,1223
1631,Belgrade,Mazatln,10733
1632,Belgrade,Mecca,3138
1633,Belgrade,Melbourne,15400
1634,Belgrade,Mexico City,10619
1635,Belgrade,Milan,892
1636,Belgrade,Montevideo,11747
1637,Belgrade,Moscow,1703
1638,Belgrade,Munich,774
1639,Belgrade,Nagasaki,8827
1640,Belgrade,Nagoya,9060
1641,Belgrade,Nairobi,5395
1642,Belgrade,Nanjing (Nanking),8152
1643,Belgrade,Naples,680
1644,Belgrade,New Delhi,5247
1645,Belgrade,Newcastle-on-Tyne,1929
1646,Belgrade,Odessa,816
1647,Belgrade,Osaka,9025
1648,Belgrade,Oslo,1800
1649,Belgrade,Panama City,10086
1650,Belgrade,Paramaribo,8438
1651,Belgrade,Paris,1447
1652,Belgrade,Perth,12833
1653,Belgrade,Plymouth,1934
1654,Belgrade,Port Moresby,13583
1655,Belgrade,Prague,738
1656,Belgrade,Rangoon,7561
1657,Belgrade,Reykjavk,3374
1658,Belgrade,Rio de Janeiro,9919
1659,Belgrade,Rome,731
1660,Belgrade,Salvador,8737
1661,Belgrade,Santiago,12645
1662,Belgrade,St. Petersburg,1797
1663,Belgrade,So Paulo,10186
1664,Belgrade,Shanghai,8397
1665,Belgrade,Singapore,9389
1666,Belgrade,Sofia,332
1667,Belgrade,Stockholm,1611
1668,Belgrade,Sydney,15665
1669,Belgrade,Tananarive,7593
1670,Belgrade,Teheran,2813
1671,Belgrade,Tokyo,9175
1672,Belgrade,Tripoli,1467
1673,Belgrade,Venice,645
1674,Belgrade,Veracruz,10448
1675,Belgrade,Vienna,493
1676,Belgrade,Vladivostok,8110
1677,Belgrade,Warsaw,819
1678,Belgrade,Wellington,17895
1679,Belgrade,Zrich,965
1680,Berlin,Aberdeen,1119
1681,Berlin,Adelaide,15331
1682,Berlin,Algiers,1922
1683,Berlin,Amsterdam,578
1684,Berlin,Ankara,2039
1685,Berlin,Asuncin,11030
1686,Berlin,Athens,1801
1687,Berlin,Auckland,17748
1688,Berlin,Bangkok,8603
1689,Berlin,Barcelona,1499
1690,Berlin,Beijing,7357
1691,Berlin,Belm,8290
1692,Berlin,Belfast,1295
1693,Berlin,Belgrade,995
1694,Berlin,Berlin,0
1695,Berlin,Birmingham,1037
1696,Berlin,Bogot,9449
1697,Berlin,Bombay,6286
1698,Berlin,Bordeaux,1327
1699,Berlin,Bremen,315
1700,Berlin,Brisbane,15688
1701,Berlin,Bristol,1099
1702,Berlin,Brussels,649
1703,Berlin,Bucharest,1294
1704,Berlin,Budapest,687
1705,Berlin,Buenos Aires,11906
1706,Berlin,Cairo,2895
1707,Berlin,Calcutta,7033
1708,Berlin,Canton,8621
1709,Berlin,Cape Town,9621
1710,Berlin,Caracas,8440
1711,Berlin,Cayenne,7958
1712,Berlin,Chihuahua,9261
1713,Berlin,Chongqing,7628
1714,Berlin,Copenhagen,356
1715,Berlin,Crdoba,11965
1716,Berlin,Dakar,5011
1717,Berlin,Darwin,12946
1718,Berlin,Djibouti,5272
1719,Berlin,Dublin,1317
1720,Berlin,Durban,9316
1721,Berlin,Edinburgh,1140
1722,Berlin,Frankfurt,422
1723,Berlin,Georgetown,8176
1724,Berlin,Glasgow,1204
1725,Berlin,Guatemala City,9635
1726,Berlin,Guayaquil,10425
1727,Berlin,Hamburg,254
1728,Berlin,Hammerfest,2080
1729,Berlin,Havana,8364
1730,Berlin,Helsinki,1108
1731,Berlin,Hobart,16469
1732,Berlin,Hong Kong,8748
1733,Berlin,Iquique,11349
1734,Berlin,Irkutsk,5718
1735,Berlin,Jakarta,10788
1736,Berlin,Johannesburg,8866
1737,Berlin,Kingston,8446
1738,Berlin,Kinshasa,6318
1739,Berlin,Kuala Lumpur,9615
1740,Berlin,La Paz,10910
1741,Berlin,Leeds,1003
1742,Berlin,Lima,11093
1743,Berlin,Lisbon,2311
1744,Berlin,Liverpool,1101
1745,Berlin,London,928
1746,Berlin,Lyons,975
1747,Berlin,Madrid,1866
1748,Berlin,Manchester,1052
1749,Berlin,Manila,9865
1750,Berlin,Marseilles,1182
1751,Berlin,Mazatln,9789
1752,Berlin,Mecca,4118
1753,Berlin,Melbourne,15970
1754,Berlin,Mexico City,9727
1755,Berlin,Milan,842
1756,Berlin,Montevideo,11812
1757,Berlin,Moscow,1607
1758,Berlin,Munich,502
1759,Berlin,Nagasaki,8717
1760,Berlin,Nagoya,8845
1761,Berlin,Nairobi,6384
1762,Berlin,Nanjing (Nanking),8176
1763,Berlin,Naples,1298
1764,Berlin,New Delhi,5781
1765,Berlin,Newcastle-on-Tyne,1023
1766,Berlin,Odessa,1419
1767,Berlin,Osaka,8832
1768,Berlin,Oslo,845
1769,Berlin,Panama City,9416
1770,Berlin,Paramaribo,8067
1771,Berlin,Paris,881
1772,Berlin,Perth,13575
1773,Berlin,Plymouth,1231
1774,Berlin,Port Moresby,13678
1775,Berlin,Prague,277
1776,Berlin,Rangoon,8033
1777,Berlin,Reykjavk,2388
1778,Berlin,Rio de Janeiro,10013
1779,Berlin,Rome,1180
1780,Berlin,Salvador,8797
1781,Berlin,Santiago,12531
1782,Berlin,St. Petersburg,1325
1783,Berlin,So Paulo,10242
1784,Berlin,Shanghai,8403
1785,Berlin,Singapore,9932
1786,Berlin,Sofia,1319
1787,Berlin,Stockholm,807
1788,Berlin,Sydney,16090
1789,Berlin,Tananarive,8589
1790,Berlin,Teheran,3521
1791,Berlin,Tokyo,8922
1792,Berlin,Tripoli,2173
1793,Berlin,Venice,789
1794,Berlin,Veracruz,9575
1795,Berlin,Vienna,517
1796,Berlin,Vladivostok,7862
1797,Berlin,Warsaw,515
1798,Berlin,Wellington,18138
1799,Berlin,Zrich,671
1800,Birmingham,Aberdeen,526
1801,Birmingham,Adelaide,16356
1802,Birmingham,Algiers,1774
1803,Birmingham,Amsterdam,461
1804,Birmingham,Ankara,2981
1805,Birmingham,Asuncin,10183
1806,Birmingham,Athens,2548
1807,Birmingham,Auckland,18266
1808,Birmingham,Bangkok,9618
1809,Birmingham,Barcelona,1264
1810,Birmingham,Beijing,8156
1811,Birmingham,Belm,7393
1812,Birmingham,Belfast,360
1813,Birmingham,Belgrade,1840
1814,Birmingham,Berlin,1037
1815,Birmingham,Birmingham,0
1816,Birmingham,Bogot,8416
1817,Birmingham,Bombay,7316
1818,Birmingham,Bordeaux,849
1819,Birmingham,Bremen,725
1820,Birmingham,Brisbane,16557
1821,Birmingham,Bristol,115
1822,Birmingham,Brussels,466
1823,Birmingham,Bucharest,2233
1824,Birmingham,Budapest,1591
1825,Birmingham,Buenos Aires,11110
1826,Birmingham,Cairo,3675
1827,Birmingham,Calcutta,8059
1828,Birmingham,Canton,9544
1829,Birmingham,Cape Town,9800
1830,Birmingham,Caracas,7411
1831,Birmingham,Cayenne,7004
1832,Birmingham,Chihuahua,8407
1833,Birmingham,Chongqing,8557
1834,Birmingham,Copenhagen,1010
1835,Birmingham,Crdoba,11105
1836,Birmingham,Dakar,4417
1837,Birmingham,Darwin,13913
1838,Birmingham,Djibouti,6058
1839,Birmingham,Dublin,308
1840,Birmingham,Durban,9690
1841,Birmingham,Edinburgh,397
1842,Birmingham,Frankfurt,779
1843,Birmingham,Georgetown,7183
1844,Birmingham,Glasgow,409
1845,Birmingham,Guatemala City,8630
1846,Birmingham,Guayaquil,9391
1847,Birmingham,Hamburg,808
1848,Birmingham,Hammerfest,2396
1849,Birmingham,Havana,7356
1850,Birmingham,Helsinki,1853
1851,Birmingham,Hobart,17502
1852,Birmingham,Hong Kong,9670
1853,Birmingham,Iquique,10393
1854,Birmingham,Irkutsk,6487
1855,Birmingham,Jakarta,11822
1856,Birmingham,Johannesburg,9214
1857,Birmingham,Kingston,7415
1858,Birmingham,Kinshasa,6511
1859,Birmingham,Kuala Lumpur,10646
1860,Birmingham,La Paz,9948
1861,Birmingham,Leeds,150
1862,Birmingham,Lima,10080
1863,Birmingham,Lisbon,1620
1864,Birmingham,Liverpool,132
1865,Birmingham,London,159
1866,Birmingham,Lyons,888
1867,Birmingham,Madrid,1339
1868,Birmingham,Manchester,122
1869,Birmingham,Manila,10779
1870,Birmingham,Marseilles,1144
1871,Birmingham,Mazatln,8907
1872,Birmingham,Mecca,4939
1873,Birmingham,Melbourne,16988
1874,Birmingham,Mexico City,8779
1875,Birmingham,Milan,1118
1876,Birmingham,Montevideo,11037
1877,Birmingham,Moscow,2568
1878,Birmingham,Munich,1068
1879,Birmingham,Nagasaki,9451
1880,Birmingham,Nagoya,9496
1881,Birmingham,Nairobi,6995
1882,Birmingham,Nanjing (Nanking),9010
1883,Birmingham,Naples,1776
1884,Birmingham,New Delhi,6815
1885,Birmingham,Newcastle-on-Tyne,284
1886,Birmingham,Odessa,2433
1887,Birmingham,Osaka,9501
1888,Birmingham,Oslo,1141
1889,Birmingham,Panama City,8379
1890,Birmingham,Paramaribo,7092
1891,Birmingham,Paris,501
1892,Birmingham,Perth,14604
1893,Birmingham,Plymouth,268
1894,Birmingham,Port Moresby,14479
1895,Birmingham,Prague,1164
1896,Birmingham,Rangoon,9054
1897,Birmingham,Reykjavk,1732
1898,Birmingham,Rio de Janeiro,9285
1899,Birmingham,Rome,1590
1900,Birmingham,Salvador,8064
1901,Birmingham,Santiago,11639
1902,Birmingham,St. Petersburg,2135
1903,Birmingham,So Paulo,9484
1904,Birmingham,Shanghai,9222
1905,Birmingham,Singapore,10962
1906,Birmingham,Sofia,2167
1907,Birmingham,Stockholm,1453
1908,Birmingham,Sydney,17045
1909,Birmingham,Tananarive,9245
1910,Birmingham,Teheran,4543
1911,Birmingham,Tokyo,9539
1912,Birmingham,Tripoli,2481
1913,Birmingham,Venice,1295
1914,Birmingham,Veracruz,8610
1915,Birmingham,Vienna,1372
1916,Birmingham,Vladivostok,8505
1917,Birmingham,Warsaw,1551
1918,Birmingham,Wellington,18752
1919,Birmingham,Zrich,934
1920,Bogot,Aberdeen,8511
1921,Bogot,Adelaide,15239
1922,Bogot,Algiers,8571
1923,Bogot,Amsterdam,8871
1924,Bogot,Ankara,11127
1925,Bogot,Asuncin,3764
1926,Bogot,Athens,10391
1927,Bogot,Auckland,12171
1928,Bogot,Bangkok,17901
1929,Bogot,Barcelona,8541
1930,Bogot,Beijing,14953
1931,Bogot,Belm,2939
1932,Bogot,Belfast,8214
1933,Bogot,Belgrade,10027
1934,Bogot,Berlin,9449
1935,Bogot,Birmingham,8416
1936,Bogot,Bogot,0
1937,Bogot,Bombay,15559
1938,Bogot,Bordeaux,8373
1939,Bogot,Bremen,9141
1940,Bogot,Brisbane,14393
1941,Bogot,Bristol,8350
1942,Bogot,Brussels,8818
1943,Bogot,Bucharest,10471
1944,Bogot,Budapest,9885
1945,Bogot,Buenos Aires,4656
1946,Bogot,Cairo,11241
1947,Bogot,Calcutta,16460
1948,Bogot,Canton,16834
1949,Bogot,Cape Town,10529
1950,Bogot,Caracas,1033
1951,Bogot,Cayenne,2432
1952,Bogot,Chihuahua,4294
1953,Bogot,Chongqing,16200
1954,Bogot,Copenhagen,9391
1955,Bogot,Crdoba,4143
1956,Bogot,Dakar,6310
1957,Bogot,Darwin,17119
1958,Bogot,Djibouti,12855
1959,Bogot,Dublin,8156
1960,Bogot,Durban,11716
1961,Bogot,Edinburgh,8420
1962,Bogot,Frankfurt,9117
1963,Bogot,Georgetown,1787
1964,Bogot,Glasgow,8352
1965,Bogot,Guatemala City,2104
1966,Bogot,Guayaquil,976
1967,Bogot,Hamburg,9224
1968,Bogot,Hammerfest,9821
1969,Bogot,Havana,2245
1970,Bogot,Helsinki,10078
1971,Bogot,Hobart,14110
1972,Bogot,Hong Kong,16890
1973,Bogot,Iquique,2783
1974,Bogot,Irkutsk,13671
1975,Bogot,Jakarta,19790
1976,Bogot,Johannesburg,11457
1977,Bogot,Kingston,1521
1978,Bogot,Kinshasa,9993
1979,Bogot,Kuala Lumpur,19051
1980,Bogot,La Paz,2421
1981,Bogot,Leeds,8473
1982,Bogot,Lima,1864
1983,Bogot,Lisbon,7545
1984,Bogot,Liverpool,8368
1985,Bogot,London,8521
1986,Bogot,Lyons,8800
1987,Bogot,Madrid,8040
1988,Bogot,Manchester,8418
1989,Bogot,Manila,17308
1990,Bogot,Marseilles,8819
1991,Bogot,Mazatln,4027
1992,Bogot,Mecca,12274
1993,Bogot,Melbourne,14589
1994,Bogot,Mexico City,3163
1995,Bogot,Milan,9135
1996,Bogot,Montevideo,4773
1997,Bogot,Moscow,10924
1998,Bogot,Munich,9323
1999,Bogot,Nagasaki,15142
2000,Bogot,Nagoya,14533
2001,Bogot,Nairobi,12366
2002,Bogot,Nanjing (Nanking),15716
2003,Bogot,Naples,9552
2004,Bogot,New Delhi,15231
2005,Bogot,Newcastle-on-Tyne,8492
2006,Bogot,Odessa,10780
2007,Bogot,Osaka,14669
2008,Bogot,Oslo,9290
2009,Bogot,Panama City,763
2010,Bogot,Paramaribo,2108
2011,Bogot,Paris,8647
2012,Bogot,Perth,16789
2013,Bogot,Plymouth,8223
2014,Bogot,Port Moresby,15418
2015,Bogot,Prague,9527
2016,Bogot,Rangoon,17408
2017,Bogot,Reykjavk,7812
2018,Bogot,Rio de Janeiro,4550
2019,Bogot,Rome,9398
2020,Bogot,Salvador,4405
2021,Bogot,Santiago,4241
2022,Bogot,St. Petersburg,10371
2023,Bogot,So Paulo,4332
2024,Bogot,Shanghai,15709
2025,Bogot,Singapore,19342
2026,Bogot,Sofia,10282
2027,Bogot,Stockholm,9704
2028,Bogot,Sydney,14317
2029,Bogot,Tananarive,13511
2030,Bogot,Teheran,12834
2031,Bogot,Tokyo,14311
2032,Bogot,Tripoli,9495
2033,Bogot,Venice,9382
2034,Bogot,Veracruz,2880
2035,Bogot,Vienna,9674
2036,Bogot,Vladivostok,14091
2037,Bogot,Warsaw,9965
2038,Bogot,Wellington,12084
2039,Bogot,Zrich,9092
2040,Bombay,Aberdeen,7339
2041,Bombay,Adelaide,9167
2042,Bombay,Algiers,6987
2043,Bombay,Amsterdam,6854
2044,Bombay,Ankara,4454
2045,Bombay,Asuncin,14893
2046,Bombay,Athens,5169
2047,Bombay,Auckland,12298
2048,Bombay,Bangkok,3008
2049,Bombay,Barcelona,7031
2050,Bombay,Beijing,4757
2051,Bombay,Belm,13337
2052,Bombay,Belfast,7576
2053,Bombay,Belgrade,5584
2054,Bombay,Berlin,6286
2055,Bombay,Birmingham,7316
2056,Bombay,Bogot,15559
2057,Bombay,Bombay,0
2058,Bombay,Bordeaux,7231
2059,Bombay,Bremen,6602
2060,Bombay,Brisbane,10067
2061,Bombay,Bristol,7362
2062,Bombay,Brussels,6876
2063,Bombay,Bucharest,5145
2064,Bombay,Budapest,5762
2065,Bombay,Buenos Aires,14922
2066,Bombay,Cairo,4343
2067,Bombay,Calcutta,1668
2068,Bombay,Canton,4209
2069,Bombay,Cape Town,8234
2070,Bombay,Caracas,14527
2071,Bombay,Cayenne,13450
2072,Bombay,Chihuahua,14718
2073,Bombay,Chongqing,3607
2074,Bombay,Copenhagen,6421
2075,Bombay,Crdoba,15502
2076,Bombay,Dakar,9508
2077,Bombay,Darwin,7258
2078,Bombay,Djibouti,3293
2079,Bombay,Dublin,7603
2080,Bombay,Durban,7049
2081,Bombay,Edinburgh,7398
2082,Bombay,Frankfurt,6564
2083,Bombay,Georgetown,13936
2084,Bombay,Glasgow,7466
2085,Bombay,Guatemala City,15854
2086,Bombay,Guayaquil,16506
2087,Bombay,Hamburg,6531
2088,Bombay,Hammerfest,6581
2089,Bombay,Havana,14610
2090,Bombay,Helsinki,5920
2091,Bombay,Hobart,10239
2092,Bombay,Hong Kong,4308
2093,Bombay,Iquique,16135
2094,Bombay,Irkutsk,4615
2095,Bombay,Jakarta,4665
2096,Bombay,Johannesburg,6969
2097,Bombay,Kingston,14730
2098,Bombay,Kinshasa,6803
2099,Bombay,Kuala Lumpur,3602
2100,Bombay,La Paz,15900
2101,Bombay,Leeds,7289
2102,Bombay,Lima,16695
2103,Bombay,Lisbon,8019
2104,Bombay,Liverpool,7388
2105,Bombay,London,7189
2106,Bombay,Lyons,6812
2107,Bombay,Madrid,7529
2108,Bombay,Manchester,7338
2109,Bombay,Manila,5134
2110,Bombay,Marseilles,6767
2111,Bombay,Mazatln,15321
2112,Bombay,Mecca,3452
2113,Bombay,Melbourne,9820
2114,Bombay,Mexico City,15651
2115,Bombay,Milan,6474
2116,Bombay,Montevideo,14719
2117,Bombay,Moscow,5032
2118,Bombay,Munich,6325
2119,Bombay,Nagasaki,5848
2120,Bombay,Nagoya,6488
2121,Bombay,Nairobi,4529
2122,Bombay,Nanjing (Nanking),4806
2123,Bombay,Naples,6017
2124,Bombay,New Delhi,1155
2125,Bombay,Newcastle-on-Tyne,7299
2126,Bombay,Odessa,4885
2127,Bombay,Osaka,6359
2128,Bombay,Oslo,6646
2129,Bombay,Panama City,15671
2130,Bombay,Paramaribo,13696
2131,Bombay,Paris,7010
2132,Bombay,Perth,7289
2133,Bombay,Plymouth,7471
2134,Bombay,Port Moresby,8733
2135,Bombay,Prague,6159
2136,Bombay,Rangoon,2464
2137,Bombay,Reykjavk,8342
2138,Bombay,Rio de Janeiro,13407
2139,Bombay,Rome,6177
2140,Bombay,Salvador,12677
2141,Bombay,Santiago,16066
2142,Bombay,St. Petersburg,5657
2143,Bombay,So Paulo,13751
2144,Bombay,Shanghai,5042
2145,Bombay,Singapore,3923
2146,Bombay,Sofia,5308
2147,Bombay,Stockholm,6231
2148,Bombay,Sydney,10146
2149,Bombay,Tananarive,5029
2150,Bombay,Teheran,2779
2151,Bombay,Tokyo,6740
2152,Bombay,Tripoli,6076
2153,Bombay,Venice,6228
2154,Bombay,Veracruz,15603
2155,Bombay,Vienna,5981
2156,Bombay,Vladivostok,6098
2157,Bombay,Warsaw,5783
2158,Bombay,Wellington,12369
2159,Bombay,Zrich,6542
2160,Bordeaux,Aberdeen,1374
2161,Bordeaux,Adelaide,16398
2162,Bordeaux,Algiers,937
2163,Bordeaux,Amsterdam,926
2164,Bordeaux,Ankara,2779
2165,Bordeaux,Asuncin,9706
2166,Bordeaux,Athens,2150
2167,Bordeaux,Auckland,19044
2168,Bordeaux,Bangkok,9778
2169,Bordeaux,Barcelona,440
2170,Bordeaux,Beijing,8685
2171,Bordeaux,Belm,6986
2172,Bordeaux,Belfast,1154
2173,Bordeaux,Belgrade,1654
2174,Bordeaux,Berlin,1327
2175,Bordeaux,Birmingham,849
2176,Bordeaux,Bogot,8373
2177,Bordeaux,Bombay,7231
2178,Bordeaux,Bordeaux,0
2179,Bordeaux,Bremen,1140
2180,Bordeaux,Brisbane,16986
2181,Bordeaux,Bristol,753
2182,Bordeaux,Brussels,763
2183,Bordeaux,Bucharest,2098
2184,Bordeaux,Budapest,1533
2185,Bordeaux,Buenos Aires,10578
2186,Bordeaux,Cairo,3228
2187,Bordeaux,Calcutta,8179
2188,Bordeaux,Canton,9918
2189,Bordeaux,Cape Town,8961
2190,Bordeaux,Caracas,7344
2191,Bordeaux,Cayenne,6698
2192,Bordeaux,Chihuahua,8915
2193,Bordeaux,Chongqing,8924
2194,Bordeaux,Copenhagen,1516
2195,Bordeaux,Crdoba,10642
2196,Bordeaux,Dakar,3714
2197,Bordeaux,Darwin,14185
2198,Bordeaux,Djibouti,5548
2199,Bordeaux,Dublin,1032
2200,Bordeaux,Durban,8896
2201,Bordeaux,Edinburgh,1246
2202,Bordeaux,Frankfurt,906
2203,Bordeaux,Georgetown,6970
2204,Bordeaux,Glasgow,1251
2205,Bordeaux,Guatemala City,8867
2206,Bordeaux,Guayaquil,9346
2207,Bordeaux,Hamburg,1233
2208,Bordeaux,Hammerfest,3156
2209,Bordeaux,Havana,7597
2210,Bordeaux,Helsinki,2398
2211,Bordeaux,Hobart,17443
2212,Bordeaux,Hong Kong,10046
2213,Bordeaux,Iquique,10077
2214,Bordeaux,Irkutsk,7042
2215,Bordeaux,Jakarta,11860
2216,Bordeaux,Johannesburg,8414
2217,Bordeaux,Kingston,7541
2218,Bordeaux,Kinshasa,5685
2219,Bordeaux,Kuala Lumpur,10718
2220,Bordeaux,La Paz,9645
2221,Bordeaux,Leeds,994
2222,Bordeaux,Lima,9911
2223,Bordeaux,Lisbon,985
2224,Bordeaux,Liverpool,971
2225,Bordeaux,London,745
2226,Bordeaux,Lyons,430
2227,Bordeaux,Madrid,554
2228,Bordeaux,Manchester,971
2229,Bordeaux,Manila,11165
2230,Bordeaux,Marseilles,496
2231,Bordeaux,Mazatln,9374
2232,Bordeaux,Mecca,4490
2233,Bordeaux,Melbourne,17051
2234,Bordeaux,Mexico City,9147
2235,Bordeaux,Milan,762
2236,Bordeaux,Montevideo,10485
2237,Bordeaux,Moscow,2920
2238,Bordeaux,Munich,995
2239,Bordeaux,Nagasaki,10039
2240,Bordeaux,Nagoya,10146
2241,Bordeaux,Nairobi,6331
2242,Bordeaux,Nanjing (Nanking),9503
2243,Bordeaux,Naples,1281
2244,Bordeaux,New Delhi,6891
2245,Bordeaux,Newcastle-on-Tyne,1129
2246,Bordeaux,Odessa,2425
2247,Bordeaux,Osaka,10139
2248,Bordeaux,Oslo,1839
2249,Bordeaux,Panama City,8441
2250,Bordeaux,Paramaribo,6832
2251,Bordeaux,Paris,491
2252,Bordeaux,Perth,14436
2253,Bordeaux,Plymouth,675
2254,Bordeaux,Port Moresby,15004
2255,Bordeaux,Prague,1263
2256,Bordeaux,Rangoon,9195
2257,Bordeaux,Reykjavk,2521
2258,Bordeaux,Rio de Janeiro,8691
2259,Bordeaux,Rome,1096
2260,Bordeaux,Salvador,7473
2261,Bordeaux,Santiago,11217
2262,Bordeaux,St. Petersburg,2640
2263,Bordeaux,So Paulo,8916
2264,Bordeaux,Shanghai,9730
2265,Bordeaux,Singapore,11041
2266,Bordeaux,Sofia,1923
2267,Bordeaux,Stockholm,2033
2268,Bordeaux,Sydney,17307
2269,Bordeaux,Tananarive,8588
2270,Bordeaux,Teheran,4466
2271,Bordeaux,Tokyo,10211
2272,Bordeaux,Tripoli,1771
2273,Bordeaux,Venice,1009
2274,Bordeaux,Veracruz,8948
2275,Bordeaux,Vienna,1340
2276,Bordeaux,Vladivostok,9159
2277,Bordeaux,Warsaw,1775
2278,Bordeaux,Wellington,19466
2279,Bordeaux,Zrich,750
2280,Bremen,Aberdeen,829
2281,Bremen,Adelaide,15634
2282,Bremen,Algiers,1862
2283,Bremen,Amsterdam,276
2284,Bremen,Ankara,2335
2285,Bremen,Asuncin,10801
2286,Bremen,Athens,2033
2287,Bremen,Auckland,17907
2288,Bremen,Bangkok,8900
2289,Bremen,Barcelona,1393
2290,Bremen,Beijing,7567
2291,Bremen,Belm,8040
2292,Bremen,Belfast,980
2293,Bremen,Belgrade,1248
2294,Bremen,Berlin,315
2295,Bremen,Birmingham,725
2296,Bremen,Bogot,9141
2297,Bremen,Bombay,6602
2298,Bremen,Bordeaux,1140
2299,Bremen,Bremen,0
2300,Bremen,Brisbane,15934
2301,Bremen,Bristol,795
2302,Bremen,Brussels,391
2303,Bremen,Bucharest,1586
2304,Bremen,Budapest,956
2305,Bremen,Buenos Aires,11696
2306,Bremen,Cairo,3146
2307,Bremen,Calcutta,7336
2308,Bremen,Canton,8879
2309,Bremen,Cape Town,9718
2310,Bremen,Caracas,8135
2311,Bremen,Cayenne,7686
2312,Bremen,Chihuahua,8977
2313,Bremen,Chongqing,7887
2314,Bremen,Copenhagen,376
2315,Bremen,Crdoba,11732
2316,Bremen,Dakar,4854
2317,Bremen,Darwin,13223
2318,Bremen,Djibouti,5532
2319,Bremen,Dublin,1001
2320,Bremen,Durban,9469
2321,Bremen,Edinburgh,834
2322,Bremen,Frankfurt,330
2323,Bremen,Georgetown,7889
2324,Bremen,Glasgow,896
2325,Bremen,Guatemala City,9321
2326,Bremen,Guayaquil,10116
2327,Bremen,Hamburg,96
2328,Bremen,Hammerfest,2086
2329,Bremen,Havana,8049
2330,Bremen,Helsinki,1259
2331,Bremen,Hobart,16777
2332,Bremen,Hong Kong,9005
2333,Bremen,Iquique,11079
2334,Bremen,Irkutsk,5914
2335,Bremen,Jakarta,11097
2336,Bremen,Johannesburg,9010
2337,Bremen,Kingston,8130
2338,Bremen,Kinshasa,6409
2339,Bremen,Kuala Lumpur,9921
2340,Bremen,La Paz,10636
2341,Bremen,Leeds,687
2342,Bremen,Lima,10797
2343,Bremen,Lisbon,2104
2344,Bremen,Liverpool,786
2345,Bremen,London,628
2346,Bremen,Lyons,864
2347,Bremen,Madrid,1693
2348,Bremen,Manchester,736
2349,Bremen,Manila,10120
2350,Bremen,Marseilles,1114
2351,Bremen,Mazatln,9499
2352,Bremen,Mecca,4386
2353,Bremen,Melbourne,16270
2354,Bremen,Mexico City,9423
2355,Bremen,Milan,849
2356,Bremen,Montevideo,11610
2357,Bremen,Moscow,1871
2358,Bremen,Munich,583
2359,Bremen,Nagasaki,8905
2360,Bremen,Nagoya,9005
2361,Bremen,Nairobi,6598
2362,Bremen,Nanjing (Nanking),8400
2363,Bremen,Naples,1422
2364,Bremen,New Delhi,6090
2365,Bremen,Newcastle-on-Tyne,712
2366,Bremen,Odessa,1733
2367,Bremen,Osaka,8999
2368,Bremen,Oslo,772
2369,Bremen,Panama City,9101
2370,Bremen,Paramaribo,7787
2371,Bremen,Paris,657
2372,Bremen,Perth,13891
2373,Bremen,Plymouth,934
2374,Bremen,Port Moresby,13897
2375,Bremen,Prague,511
2376,Bremen,Rangoon,8333
2377,Bremen,Reykjavk,2129
2378,Bremen,Rio de Janeiro,9824
2379,Bremen,Rome,1272
2380,Bremen,Salvador,8605
2381,Bremen,Santiago,12286
2382,Bremen,St. Petersburg,1512
2383,Bremen,So Paulo,10044
2384,Bremen,Shanghai,8621
2385,Bremen,Singapore,10238
2386,Bremen,Sofia,1579
2387,Bremen,Stockholm,893
2388,Bremen,Sydney,16366
2389,Bremen,Tananarive,8819
2390,Bremen,Teheran,3837
2391,Bremen,Tokyo,9071
2392,Bremen,Tripoli,2265
2393,Bremen,Venice,887
2394,Bremen,Veracruz,9268
2395,Bremen,Vienna,755
2396,Bremen,Vladivostok,8018
2397,Bremen,Warsaw,826
2398,Bremen,Wellington,18334
2399,Bremen,Zrich,637
2400,Brisbane,Aberdeen,16186
2401,Brisbane,Adelaide,1607
2402,Brisbane,Algiers,17032
2403,Brisbane,Amsterdam,16201
2404,Brisbane,Ankara,14420
2405,Brisbane,Asuncin,13287
2406,Brisbane,Athens,15202
2407,Brisbane,Auckland,2278
2408,Brisbane,Bangkok,7293
2409,Brisbane,Barcelona,16959
2410,Brisbane,Beijing,8402
2411,Brisbane,Belm,16051
2412,Brisbane,Belfast,16554
2413,Brisbane,Belgrade,15421
2414,Brisbane,Berlin,15688
2415,Brisbane,Birmingham,16557
2416,Brisbane,Bogot,14393
2417,Brisbane,Bombay,10067
2418,Brisbane,Bordeaux,16986
2419,Brisbane,Bremen,15934
2420,Brisbane,Brisbane,0
2421,Brisbane,Bristol,16663
2422,Brisbane,Brussels,16322
2423,Brisbane,Bucharest,14987
2424,Brisbane,Budapest,15478
2425,Brisbane,Buenos Aires,12359
2426,Brisbane,Cairo,14395
2427,Brisbane,Calcutta,8902
2428,Brisbane,Canton,7070
2429,Brisbane,Cape Town,11689
2430,Brisbane,Caracas,15415
2431,Brisbane,Cayenne,16327
2432,Brisbane,Chihuahua,12399
2433,Brisbane,Chongqing,8064
2434,Brisbane,Copenhagen,15582
2435,Brisbane,Crdoba,12360
2436,Brisbane,Dakar,18289
2437,Brisbane,Darwin,2856
2438,Brisbane,Djibouti,12563
2439,Brisbane,Dublin,16679
2440,Brisbane,Durban,11163
2441,Brisbane,Edinburgh,16331
2442,Brisbane,Frankfurt,16098
2443,Brisbane,Georgetown,15983
2444,Brisbane,Glasgow,16381
2445,Brisbane,Guatemala City,13324
2446,Brisbane,Guayaquil,13456
2447,Brisbane,Hamburg,15838
2448,Brisbane,Hammerfest,14288
2449,Brisbane,Havana,14458
2450,Brisbane,Helsinki,14709
2451,Brisbane,Hobart,1789
2452,Brisbane,Hong Kong,6942
2453,Brisbane,Iquique,12963
2454,Brisbane,Irkutsk,10073
2455,Brisbane,Jakarta,5421
2456,Brisbane,Johannesburg,11640
2457,Brisbane,Kingston,14818
2458,Brisbane,Kinshasa,14278
2459,Brisbane,Kuala Lumpur,6471
2460,Brisbane,La Paz,13391
2461,Brisbane,Leeds,16434
2462,Brisbane,Lima,13052
2463,Brisbane,Lisbon,17950
2464,Brisbane,Liverpool,16530
2465,Brisbane,London,16528
2466,Brisbane,Lyons,16569
2467,Brisbane,Madrid,17451
2468,Brisbane,Manchester,16488
2469,Brisbane,Manila,5824
2470,Brisbane,Marseilles,16637
2471,Brisbane,Mazatln,12148
2472,Brisbane,Mecca,13318
2473,Brisbane,Melbourne,1375
2474,Brisbane,Mexico City,12689
2475,Brisbane,Milan,16270
2476,Brisbane,Montevideo,12427
2477,Brisbane,Moscow,14080
2478,Brisbane,Munich,15994
2479,Brisbane,Nagasaki,7136
2480,Brisbane,Nagoya,7165
2481,Brisbane,Nairobi,12493
2482,Brisbane,Nanjing (Nanking),7547
2483,Brisbane,Naples,15994
2484,Brisbane,New Delhi,10207
2485,Brisbane,Newcastle-on-Tyne,16343
2486,Brisbane,Odessa,14611
2487,Brisbane,Osaka,7141
2488,Brisbane,Oslo,15425
2489,Brisbane,Panama City,14134
2490,Brisbane,Paramaribo,16164
2491,Brisbane,Paris,16570
2492,Brisbane,Perth,3615
2493,Brisbane,Plymouth,16819
2494,Brisbane,Port Moresby,2105
2495,Brisbane,Prague,15723
2496,Brisbane,Rangoon,7884
2497,Brisbane,Reykjavk,15932
2498,Brisbane,Rio de Janeiro,14139
2499,Brisbane,Rome,16122
2500,Brisbane,Salvador,15350
2501,Brisbane,Santiago,11808
2502,Brisbane,St. Petersburg,14435
2503,Brisbane,So Paulo,13964
2504,Brisbane,Shanghai,7335
2505,Brisbane,Singapore,6148
2506,Brisbane,Sofia,15224
2507,Brisbane,Stockholm,15106
2508,Brisbane,Sydney,752
2509,Brisbane,Tananarive,10495
2510,Brisbane,Teheran,12711
2511,Brisbane,Tokyo,7160
2512,Brisbane,Tripoli,16140
2513,Brisbane,Venice,16035
2514,Brisbane,Veracruz,12965
2515,Brisbane,Vienna,15656
2516,Brisbane,Vladivostok,8147
2517,Brisbane,Warsaw,15214
2518,Brisbane,Wellington,2498
2519,Brisbane,Zrich,16239
2520,Bristol,Aberdeen,632
2521,Bristol,Adelaide,16429
2522,Bristol,Algiers,1685
2523,Bristol,Amsterdam,521
2524,Bristol,Ankara,3003
2525,Bristol,Asuncin,10078
2526,Bristol,Athens,2540
2527,Bristol,Auckland,18378
2528,Bristol,Bangkok,9695
2529,Bristol,Barcelona,1177
2530,Bristol,Beijing,8263
2531,Bristol,Belm,7292
2532,Bristol,Belfast,415
2533,Bristol,Belgrade,1854
2534,Bristol,Berlin,1099
2535,Bristol,Birmingham,115
2536,Bristol,Bogot,8350
2537,Bristol,Bombay,7362
2538,Bristol,Bordeaux,753
2539,Bristol,Bremen,795
2540,Bristol,Brisbane,16663
2541,Bristol,Bristol,0
2542,Bristol,Brussels,488
2543,Bristol,Bucharest,2259
2544,Bristol,Budapest,1619
2545,Bristol,Buenos Aires,11002
2546,Bristol,Cairo,3665
2547,Bristol,Calcutta,8130
2548,Bristol,Canton,9641
2549,Bristol,Cape Town,9712
2550,Bristol,Caracas,7341
2551,Bristol,Cayenne,6911
2552,Bristol,Chihuahua,8417
2553,Bristol,Chongqing,8653
2554,Bristol,Copenhagen,1101
2555,Bristol,Crdoba,11002
2556,Bristol,Dakar,4302
2557,Bristol,Darwin,14004
2558,Bristol,Djibouti,6043
2559,Bristol,Dublin,323
2560,Bristol,Durban,9619
2561,Bristol,Edinburgh,496
2562,Bristol,Frankfurt,805
2563,Bristol,Georgetown,7098
2564,Bristol,Glasgow,497
2565,Bristol,Guatemala City,8599
2566,Bristol,Guayaquil,9326
2567,Bristol,Hamburg,883
2568,Bristol,Hammerfest,2511
2569,Bristol,Havana,7324
2570,Bristol,Helsinki,1955
2571,Bristol,Hobart,17568
2572,Bristol,Hong Kong,9767
2573,Bristol,Iquique,10302
2574,Bristol,Irkutsk,6596
2575,Bristol,Jakarta,11888
2576,Bristol,Johannesburg,9141
2577,Bristol,Kingston,7368
2578,Bristol,Kinshasa,6429
2579,Bristol,Kuala Lumpur,10714
2580,Bristol,La Paz,9857
2581,Bristol,Leeds,264
2582,Bristol,Lima,10002
2583,Bristol,Lisbon,1505
2584,Bristol,Liverpool,218
2585,Bristol,London,173
2586,Bristol,Lyons,836
2587,Bristol,Madrid,1229
2588,Bristol,Manchester,227
2589,Bristol,Manila,10877
2590,Bristol,Marseilles,1081
2591,Bristol,Mazatln,8911
2592,Bristol,Mecca,4932
2593,Bristol,Melbourne,17065
2594,Bristol,Mexico City,8767
2595,Bristol,Milan,1092
2596,Bristol,Montevideo,10928
2597,Bristol,Moscow,2654
2598,Bristol,Munich,1080
2599,Bristol,Nagasaki,9562
2600,Bristol,Nagoya,9609
2601,Bristol,Nairobi,6953
2602,Bristol,Nanjing (Nanking),9116
2603,Bristol,Naples,1747
2604,Bristol,New Delhi,6880
2605,Bristol,Newcastle-on-Tyne,394
2606,Bristol,Odessa,2477
2607,Bristol,Osaka,9615
2608,Bristol,Oslo,1253
2609,Bristol,Panama City,8326
2610,Bristol,Paramaribo,7003
2611,Bristol,Paris,458
2612,Bristol,Perth,14648
2613,Bristol,Plymouth,157
2614,Bristol,Port Moresby,14588
2615,Bristol,Prague,1203
2616,Bristol,Rangoon,9128
2617,Bristol,Reykjavk,1797
2618,Bristol,Rio de Janeiro,9174
2619,Bristol,Rome,1558
2620,Bristol,Salvador,7952
2621,Bristol,Santiago,11539
2622,Bristol,St. Petersburg,2235
2623,Bristol,So Paulo,9374
2624,Bristol,Shanghai,9328
2625,Bristol,Singapore,11031
2626,Bristol,Sofia,2177
2627,Bristol,Stockholm,1556
2628,Bristol,Sydney,17141
2629,Bristol,Tananarive,9206
2630,Bristol,Teheran,4586
2631,Bristol,Tokyo,9653
2632,Bristol,Tripoli,2423
2633,Bristol,Venice,1284
2634,Bristol,Veracruz,8594
2635,Bristol,Vienna,1398
2636,Bristol,Vladivostok,8619
2637,Bristol,Warsaw,1614
2638,Bristol,Wellington,18865
2639,Bristol,Zrich,922
2640,Brussels,Aberdeen,817
2641,Brussels,Adelaide,15968
2642,Brussels,Algiers,1564
2643,Brussels,Amsterdam,170
2644,Brussels,Ankara,2517
2645,Brussels,Asuncin,10410
2646,Brussels,Athens,2090
2647,Brussels,Auckland,18281
2648,Brussels,Bangkok,9248
2649,Brussels,Barcelona,1068
2650,Brussels,Beijing,7959
2651,Brussels,Belm,7653
2652,Brussels,Belfast,807
2653,Brussels,Belgrade,1374
2654,Brussels,Berlin,649
2655,Brussels,Birmingham,466
2656,Brussels,Bogot,8818
2657,Brussels,Bombay,6876
2658,Brussels,Bordeaux,763
2659,Brussels,Bremen,391
2660,Brussels,Brisbane,16322
2661,Brussels,Bristol,488
2662,Brussels,Brussels,0
2663,Brussels,Bucharest,1771
2664,Brussels,Budapest,1130
2665,Brussels,Buenos Aires,11304
2666,Brussels,Cairo,3217
2667,Brussels,Calcutta,7673
2668,Brussels,Canton,9262
2669,Brussels,Cape Town,9526
2670,Brussels,Caracas,7805
2671,Brussels,Cayenne,7311
2672,Brussels,Chihuahua,8867
2673,Brussels,Chongqing,8270
2674,Brussels,Copenhagen,762
2675,Brussels,Crdoba,11341
2676,Brussels,Dakar,4476
2677,Brussels,Darwin,13595
2678,Brussels,Djibouti,5604
2679,Brussels,Dublin,774
2680,Brussels,Durban,9349
2681,Brussels,Edinburgh,750
2682,Brussels,Frankfurt,316
2683,Brussels,Georgetown,7528
2684,Brussels,Glasgow,793
2685,Brussels,Guatemala City,9088
2686,Brussels,Guayaquil,9795
2687,Brussels,Hamburg,487
2688,Brussels,Hammerfest,2409
2689,Brussels,Havana,7813
2690,Brussels,Helsinki,1648
2691,Brussels,Hobart,17096
2692,Brussels,Hong Kong,9389
2693,Brussels,Iquique,10702
2694,Brussels,Irkutsk,6305
2695,Brussels,Jakarta,11419
2696,Brussels,Johannesburg,8879
2697,Brussels,Kingston,7854
2698,Brussels,Kinshasa,6222
2699,Brussels,Kuala Lumpur,10249
2700,Brussels,La Paz,10262
2701,Brussels,Leeds,511
2702,Brussels,Lima,10447
2703,Brussels,Lisbon,1714
2704,Brussels,Liverpool,576
2705,Brussels,London,318
2706,Brussels,Lyons,569
2707,Brussels,Madrid,1316
2708,Brussels,Manchester,537
2709,Brussels,Manila,10505
2710,Brussels,Marseilles,840
2711,Brussels,Mazatln,9371
2712,Brussels,Mecca,4479
2713,Brussels,Melbourne,16611
2714,Brussels,Mexico City,9245
2715,Brussels,Milan,699
2716,Brussels,Montevideo,11218
2717,Brussels,Moscow,2250
2718,Brussels,Munich,602
2719,Brussels,Nagasaki,9295
2720,Brussels,Nagoya,9388
2721,Brussels,Nairobi,6578
2722,Brussels,Nanjing (Nanking),8791
2723,Brussels,Naples,1350
2724,Brussels,New Delhi,6413
2725,Brussels,Newcastle-on-Tyne,606
2726,Brussels,Odessa,1990
2727,Brussels,Osaka,9384
2728,Brussels,Oslo,1085
2729,Brussels,Panama City,8808
2730,Brussels,Paramaribo,7418
2731,Brussels,Paris,272
2732,Brussels,Perth,14161
2733,Brussels,Plymouth,597
2734,Brussels,Port Moresby,14289
2735,Brussels,Prague,717
2736,Brussels,Rangoon,8676
2737,Brussels,Reykjavk,2124
2738,Brussels,Rio de Janeiro,9435
2739,Brussels,Rome,1172
2740,Brussels,Salvador,8215
2741,Brussels,Santiago,11898
2742,Brussels,St. Petersburg,1904
2743,Brussels,So Paulo,9653
2744,Brussels,Shanghai,9013
2745,Brussels,Singapore,10568
2746,Brussels,Sofia,1700
2747,Brussels,Stockholm,1273
2748,Brussels,Sydney,16739
2749,Brussels,Tananarive,8821
2750,Brussels,Teheran,4099
2751,Brussels,Tokyo,9450
2752,Brussels,Tripoli,2118
2753,Brussels,Venice,844
2754,Brussels,Veracruz,9076
2755,Brussels,Vienna,910
2756,Brussels,Vladivostok,8400
2757,Brussels,Warsaw,1157
2758,Brussels,Wellington,18720
2759,Brussels,Zrich,493
2760,Bucharest,Aberdeen,2411
2761,Bucharest,Adelaide,14305
2762,Bucharest,Algiers,2115
2763,Bucharest,Amsterdam,1790
2764,Bucharest,Ankara,750
2765,Bucharest,Asuncin,11476
2766,Bucharest,Athens,744
2767,Bucharest,Auckland,17258
2768,Bucharest,Bangkok,7708
2769,Bucharest,Barcelona,1973
2770,Bucharest,Beijing,7060
2771,Bucharest,Belm,8908
2772,Bucharest,Belfast,2546
2773,Bucharest,Belgrade,444
2774,Bucharest,Berlin,1294
2775,Bucharest,Birmingham,2233
2776,Bucharest,Bogot,10471
2777,Bucharest,Bombay,5145
2778,Bucharest,Bordeaux,2098
2779,Bucharest,Bremen,1586
2780,Bucharest,Brisbane,14987
2781,Bucharest,Bristol,2259
2782,Bucharest,Brussels,1771
2783,Bucharest,Bucharest,0
2784,Bucharest,Budapest,642
2785,Bucharest,Buenos Aires,12222
2786,Bucharest,Cairo,1664
2787,Bucharest,Calcutta,6101
2788,Bucharest,Canton,8015
2789,Bucharest,Cape Town,8745
2790,Bucharest,Caracas,9442
2791,Bucharest,Cayenne,8713
2792,Bucharest,Chihuahua,10555
2793,Bucharest,Chongqing,7031
2794,Bucharest,Copenhagen,1575
2795,Bucharest,Crdoba,12410
2796,Bucharest,Dakar,5263
2797,Bucharest,Darwin,12139
2798,Bucharest,Djibouti,4001
2799,Bucharest,Dublin,2538
2800,Bucharest,Durban,8275
2801,Bucharest,Edinburgh,2419
2802,Bucharest,Frankfurt,1455
2803,Bucharest,Georgetown,9036
2804,Bucharest,Glasgow,2480
2805,Bucharest,Guatemala City,10858
2806,Bucharest,Guayaquil,11445
2807,Bucharest,Hamburg,1545
2808,Bucharest,Hammerfest,2918
2809,Bucharest,Havana,9583
2810,Bucharest,Helsinki,1752
2811,Bucharest,Hobart,15384
2812,Bucharest,Hong Kong,8144
2813,Bucharest,Iquique,12043
2814,Bucharest,Irkutsk,5549
2815,Bucharest,Jakarta,9761
2816,Bucharest,Johannesburg,7854
2817,Bucharest,Kingston,9599
2818,Bucharest,Kinshasa,5523
2819,Bucharest,Kuala Lumpur,8621
2820,Bucharest,La Paz,11628
2821,Bucharest,Leeds,2243
2822,Bucharest,Lima,11978
2823,Bucharest,Lisbon,2976
2824,Bucharest,Liverpool,2329
2825,Bucharest,London,2090
2826,Bucharest,Lyons,1672
2827,Bucharest,Madrid,2472
2828,Bucharest,Manchester,2283
2829,Bucharest,Manila,9254
2830,Bucharest,Marseilles,1665
2831,Bucharest,Mazatln,11083
2832,Bucharest,Mecca,2840
2833,Bucharest,Melbourne,14958
2834,Bucharest,Mexico City,11003
2835,Bucharest,Milan,1336
2836,Bucharest,Montevideo,12093
2837,Bucharest,Moscow,1498
2838,Bucharest,Munich,1188
2839,Bucharest,Nagasaki,8492
2840,Bucharest,Nagoya,8757
2841,Bucharest,Nairobi,5207
2842,Bucharest,Nanjing (Nanking),7782
2843,Bucharest,Naples,1048
2844,Bucharest,New Delhi,4804
2845,Bucharest,Newcastle-on-Tyne,2291
2846,Bucharest,Odessa,429
2847,Bucharest,Osaka,8715
2848,Bucharest,Oslo,2010
2849,Bucharest,Panama City,10525
2850,Bucharest,Paramaribo,8875
2851,Bucharest,Paris,1872
2852,Bucharest,Perth,12406
2853,Bucharest,Plymouth,2349
2854,Bucharest,Port Moresby,13179
2855,Bucharest,Prague,1081
2856,Bucharest,Rangoon,7120
2857,Bucharest,Reykjavk,3676
2858,Bucharest,Rio de Janeiro,10266
2859,Bucharest,Rome,1141
2860,Bucharest,Salvador,9097
2861,Bucharest,Santiago,13032
2862,Bucharest,St. Petersburg,1747
2863,Bucharest,So Paulo,10541
2864,Bucharest,Shanghai,8031
2865,Bucharest,Singapore,8945
2866,Bucharest,Sofia,296
2867,Bucharest,Stockholm,1740
2868,Bucharest,Sydney,15221
2869,Bucharest,Tananarive,7362
2870,Bucharest,Teheran,2371
2871,Bucharest,Tokyo,8883
2872,Bucharest,Tripoli,1693
2873,Bucharest,Venice,1089
2874,Bucharest,Veracruz,10841
2875,Bucharest,Vienna,861
2876,Bucharest,Vladivostok,7822
2877,Bucharest,Warsaw,947
2878,Bucharest,Wellington,17453
2879,Bucharest,Zrich,1397
2880,Budapest,Aberdeen,1785
2881,Budapest,Adelaide,14902
2882,Budapest,Algiers,1772
2883,Budapest,Amsterdam,1148
2884,Budapest,Ankara,1392
2885,Budapest,Asuncin,11124
2886,Budapest,Athens,1125
2887,Budapest,Auckland,17701
2888,Budapest,Bangkok,8244
2889,Budapest,Barcelona,1502
2890,Budapest,Beijing,7337
2891,Budapest,Belm,8470
2892,Budapest,Belfast,1905
2893,Budapest,Belgrade,313
2894,Budapest,Berlin,687
2895,Budapest,Birmingham,1591
2896,Budapest,Bogot,9885
2897,Budapest,Bombay,5762
2898,Budapest,Bordeaux,1533
2899,Budapest,Bremen,956
2900,Budapest,Brisbane,15478
2901,Budapest,Bristol,1619
2902,Budapest,Brussels,1130
2903,Budapest,Bucharest,642
2904,Budapest,Budapest,0
2905,Budapest,Buenos Aires,11932
2906,Budapest,Cairo,2208
2907,Budapest,Calcutta,6647
2908,Budapest,Canton,8435
2909,Budapest,Cape Town,9053
2910,Budapest,Caracas,8861
2911,Budapest,Cayenne,8220
2912,Budapest,Chihuahua,9934
2913,Budapest,Chongqing,7442
2914,Budapest,Copenhagen,1012
2915,Budapest,Crdoba,12063
2916,Budapest,Dakar,4962
2917,Budapest,Darwin,12655
2918,Budapest,Djibouti,4585
2919,Budapest,Dublin,1896
2920,Budapest,Durban,8685
2921,Budapest,Edinburgh,1784
2922,Budapest,Frankfurt,814
2923,Budapest,Georgetown,8504
2924,Budapest,Glasgow,1843
2925,Budapest,Guatemala City,10219
2926,Budapest,Guayaquil,10861
2927,Budapest,Hamburg,926
2928,Budapest,Hammerfest,2583
2929,Budapest,Havana,8944
2930,Budapest,Helsinki,1459
2931,Budapest,Hobart,16001
2932,Budapest,Hong Kong,8564
2933,Budapest,Iquique,11586
2934,Budapest,Irkutsk,5755
2935,Budapest,Jakarta,10349
2936,Budapest,Johannesburg,8244
2937,Budapest,Kingston,8973
2938,Budapest,Kinshasa,5771
2939,Budapest,Kuala Lumpur,9196
2940,Budapest,La Paz,11160
2941,Budapest,Leeds,1601
2942,Budapest,Lima,11444
2943,Budapest,Lisbon,2472
2944,Budapest,Liverpool,1687
2945,Budapest,London,1449
2946,Budapest,Lyons,1103
2947,Budapest,Madrid,1976
2948,Budapest,Manchester,1641
2949,Budapest,Manila,9681
2950,Budapest,Marseilles,1166
2951,Budapest,Mazatln,10454
2952,Budapest,Mecca,3434
2953,Budapest,Melbourne,15553
2954,Budapest,Mexico City,10362
2955,Budapest,Milan,792
2956,Budapest,Montevideo,11819
2957,Budapest,Moscow,1565
2958,Budapest,Munich,564
2959,Budapest,Nagasaki,8743
2960,Budapest,Nagoya,8945
2961,Budapest,Nairobi,5708
2962,Budapest,Nanjing (Nanking),8107
2963,Budapest,Naples,835
2964,Budapest,New Delhi,5363
2965,Budapest,Newcastle-on-Tyne,1654
2966,Budapest,Odessa,895
2967,Budapest,Osaka,8916
2968,Budapest,Oslo,1487
2969,Budapest,Panama City,9912
2970,Budapest,Paramaribo,8362
2971,Budapest,Paris,1248
2972,Budapest,Perth,13037
2973,Budapest,Plymouth,1714
2974,Budapest,Port Moresby,13577
2975,Budapest,Prague,445
2976,Budapest,Rangoon,7662
2977,Budapest,Reykjavk,3073
2978,Budapest,Rio de Janeiro,9995
2979,Budapest,Rome,813
2980,Budapest,Salvador,8799
2981,Budapest,Santiago,12663
2982,Budapest,St. Petersburg,1562
2983,Budapest,So Paulo,10251
2984,Budapest,Shanghai,8347
2985,Budapest,Singapore,9518
2986,Budapest,Sofia,632
2987,Budapest,Stockholm,1311
2988,Budapest,Sydney,15773
2989,Budapest,Tananarive,7904
2990,Budapest,Teheran,2983
2991,Budapest,Tokyo,9048
2992,Budapest,Tripoli,1691
2993,Budapest,Venice,565
2994,Budapest,Veracruz,10199
2995,Budapest,Vienna,220
2996,Budapest,Vladivostok,7982
2997,Budapest,Warsaw,543
2998,Budapest,Wellington,17974
2999,Budapest,Zrich,794
3000,Buenos Aires,Aberdeen,11476
3001,Buenos Aires,Adelaide,12088
3002,Buenos Aires,Algiers,10163
3003,Buenos Aires,Amsterdam,11441
3004,Buenos Aires,Ankara,12479
3005,Buenos Aires,Asuncin,1040
3006,Buenos Aires,Athens,11681
3007,Buenos Aires,Auckland,10356
3008,Buenos Aires,Bangkok,16873
3009,Buenos Aires,Barcelona,10461
3010,Buenos Aires,Beijing,19263
3011,Buenos Aires,Belm,3822
3012,Buenos Aires,Belfast,11109
3013,Buenos Aires,Belgrade,11869
3014,Buenos Aires,Berlin,11906
3015,Buenos Aires,Birmingham,11110
3016,Buenos Aires,Bogot,4656
3017,Buenos Aires,Bombay,14922
3018,Buenos Aires,Bordeaux,10578
3019,Buenos Aires,Bremen,11696
3020,Buenos Aires,Brisbane,12359
3021,Buenos Aires,Bristol,11002
3022,Buenos Aires,Brussels,11304
3023,Buenos Aires,Bucharest,12222
3024,Buenos Aires,Budapest,11932
3025,Buenos Aires,Buenos Aires,0
3026,Buenos Aires,Cairo,11819
3027,Buenos Aires,Calcutta,16525
3028,Buenos Aires,Canton,18502
3029,Buenos Aires,Cape Town,6864
3030,Buenos Aires,Caracas,5092
3031,Buenos Aires,Cayenne,4426
3032,Buenos Aires,Chihuahua,8630
3033,Buenos Aires,Chongqing,18501
3034,Buenos Aires,Copenhagen,12062
3035,Buenos Aires,Crdoba,642
3036,Buenos Aires,Dakar,6974
3037,Buenos Aires,Darwin,14693
3038,Buenos Aires,Djibouti,11768
3039,Buenos Aires,Dublin,10988
3040,Buenos Aires,Durban,8118
3041,Buenos Aires,Edinburgh,11334
3042,Buenos Aires,Frankfurt,11484
3043,Buenos Aires,Georgetown,4596
3044,Buenos Aires,Glasgow,11281
3045,Buenos Aires,Guatemala City,6439
3046,Buenos Aires,Guayaquil,4240
3047,Buenos Aires,Hamburg,11792
3048,Buenos Aires,Hammerfest,13324
3049,Buenos Aires,Havana,6900
3050,Buenos Aires,Helsinki,12946
3051,Buenos Aires,Hobart,11016
3052,Buenos Aires,Hong Kong,18471
3053,Buenos Aires,Iquique,1975
3054,Buenos Aires,Irkutsk,17596
3055,Buenos Aires,Jakarta,15213
3056,Buenos Aires,Johannesburg,8089
3057,Buenos Aires,Kingston,6162
3058,Buenos Aires,Kinshasa,8241
3059,Buenos Aires,Kuala Lumpur,15956
3060,Buenos Aires,La Paz,2248
3061,Buenos Aires,Leeds,11236
3062,Buenos Aires,Lima,3140
3063,Buenos Aires,Lisbon,9597
3064,Buenos Aires,Liverpool,11140
3065,Buenos Aires,London,11129
3066,Buenos Aires,Lyons,10951
3067,Buenos Aires,Madrid,10043
3068,Buenos Aires,Manchester,11181
3069,Buenos Aires,Manila,17790
3070,Buenos Aires,Marseilles,10800
3071,Buenos Aires,Mazatln,8184
3072,Buenos Aires,Mecca,12056
3073,Buenos Aires,Melbourne,11615
3074,Buenos Aires,Mexico City,7390
3075,Buenos Aires,Milan,11185
3076,Buenos Aires,Montevideo,203
3077,Buenos Aires,Moscow,13471
3078,Buenos Aires,Munich,11514
3079,Buenos Aires,Nagasaki,19220
3080,Buenos Aires,Nagoya,18619
3081,Buenos Aires,Nairobi,10401
3082,Buenos Aires,Nanjing (Nanking),19634
3083,Buenos Aires,Naples,11193
3084,Buenos Aires,New Delhi,15787
3085,Buenos Aires,Newcastle-on-Tyne,11327
3086,Buenos Aires,Odessa,12651
3087,Buenos Aires,Osaka,18746
3088,Buenos Aires,Oslo,12244
3089,Buenos Aires,Panama City,5330
3090,Buenos Aires,Paramaribo,4496
3091,Buenos Aires,Paris,11042
3092,Buenos Aires,Perth,12592
3093,Buenos Aires,Plymouth,10845
3094,Buenos Aires,Port Moresby,14434
3095,Buenos Aires,Prague,11809
3096,Buenos Aires,Rangoon,16793
3097,Buenos Aires,Reykjavk,11424
3098,Buenos Aires,Rio de Janeiro,1959
3099,Buenos Aires,Rome,11145
3100,Buenos Aires,Salvador,3133
3101,Buenos Aires,Santiago,1147
3102,Buenos Aires,St. Petersburg,13209
3103,Buenos Aires,So Paulo,1682
3104,Buenos Aires,Shanghai,19634
3105,Buenos Aires,Singapore,15876
3106,Buenos Aires,Sofia,11930
3107,Buenos Aires,Stockholm,12554
3108,Buenos Aires,Sydney,11798
3109,Buenos Aires,Tananarive,10201
3110,Buenos Aires,Teheran,13805
3111,Buenos Aires,Tokyo,18365
3112,Buenos Aires,Tripoli,10583
3113,Buenos Aires,Venice,11377
3114,Buenos Aires,Veracruz,7188
3115,Buenos Aires,Vienna,11806
3116,Buenos Aires,Vladivostok,18707
3117,Buenos Aires,Warsaw,12324
3118,Buenos Aires,Wellington,9985
3119,Buenos Aires,Zrich,11280
3120,Cairo,Aberdeen,3969
3121,Cairo,Adelaide,13321
3122,Cairo,Algiers,2725
3123,Cairo,Amsterdam,3290
3124,Cairo,Ankara,1108
3125,Cairo,Asuncin,11290
3126,Cairo,Athens,1127
3127,Cairo,Auckland,16557
3128,Cairo,Bangkok,7258
3129,Cairo,Barcelona,2904
3130,Cairo,Beijing,7536
3131,Cairo,Belm,9112
3132,Cairo,Belfast,4025
3133,Cairo,Belgrade,1901
3134,Cairo,Berlin,2895
3135,Cairo,Birmingham,3675
3136,Cairo,Bogot,11241
3137,Cairo,Bombay,4343
3138,Cairo,Bordeaux,3228
3139,Cairo,Bremen,3146
3140,Cairo,Brisbane,14395
3141,Cairo,Bristol,3665
3142,Cairo,Brussels,3217
3143,Cairo,Bucharest,1664
3144,Cairo,Budapest,2208
3145,Cairo,Buenos Aires,11819
3146,Cairo,Cairo,0
3147,Cairo,Calcutta,5690
3148,Cairo,Canton,8008
3149,Cairo,Cape Town,7240
3150,Cairo,Caracas,10219
3151,Cairo,Cayenne,9129
3152,Cairo,Chihuahua,12082
3153,Cairo,Chongqing,7103
3154,Cairo,Copenhagen,3212
3155,Cairo,Crdoba,12165
3156,Cairo,Dakar,5259
3157,Cairo,Darwin,11601
3158,Cairo,Djibouti,2389
3159,Cairo,Dublin,3980
3160,Cairo,Durban,6662
3161,Cairo,Edinburgh,3945
3162,Cairo,Frankfurt,2926
3163,Cairo,Georgetown,9594
3164,Cairo,Glasgow,3998
3165,Cairo,Guatemala City,12055
3166,Cairo,Guayaquil,12170
3167,Cairo,Hamburg,3129
3168,Cairo,Hammerfest,4539
3169,Cairo,Havana,10798
3170,Cairo,Helsinki,3384
3171,Cairo,Hobart,14254
3172,Cairo,Hong Kong,8132
3173,Cairo,Iquique,12177
3174,Cairo,Irkutsk,6287
3175,Cairo,Jakarta,8973
3176,Cairo,Johannesburg,6262
3177,Cairo,Kingston,10659
3178,Cairo,Kinshasa,4183
3179,Cairo,Kuala Lumpur,7945
3180,Cairo,La Paz,11827
3181,Cairo,Leeds,3727
3182,Cairo,Lima,12429
3183,Cairo,Lisbon,3807
3184,Cairo,Liverpool,3793
3185,Cairo,London,3517
3186,Cairo,Lyons,2887
3187,Cairo,Madrid,3360
3188,Cairo,Manchester,3755
3189,Cairo,Manila,9164
3190,Cairo,Marseilles,2733
3191,Cairo,Mazatln,12573
3192,Cairo,Mecca,1268
3193,Cairo,Melbourne,13955
3194,Cairo,Mexico City,12376
3195,Cairo,Milan,2580
3196,Cairo,Montevideo,11653
3197,Cairo,Moscow,2901
3198,Cairo,Munich,2622
3199,Cairo,Nagasaki,8968
3200,Cairo,Nagoya,9384
3201,Cairo,Nairobi,3546
3202,Cairo,Nanjing (Nanking),8085
3203,Cairo,Naples,1954
3204,Cairo,New Delhi,4418
3205,Cairo,Newcastle-on-Tyne,3806
3206,Cairo,Odessa,1826
3207,Cairo,Osaka,9309
3208,Cairo,Oslo,3666
3209,Cairo,Panama City,11465
3210,Cairo,Paramaribo,9361
3211,Cairo,Paris,3216
3212,Cairo,Perth,11255
3213,Cairo,Plymouth,3709
3214,Cairo,Port Moresby,13005
3215,Cairo,Prague,2640
3216,Cairo,Rangoon,6673
3217,Cairo,Reykjavk,5275
3218,Cairo,Rio de Janeiro,9897
3219,Cairo,Rome,2144
3220,Cairo,Salvador,8858
3221,Cairo,Santiago,12821
3222,Cairo,St. Petersburg,3325
3223,Cairo,So Paulo,10216
3224,Cairo,Shanghai,8348
3225,Cairo,Singapore,8265
3226,Cairo,Sofia,1575
3227,Cairo,Stockholm,3403
3228,Cairo,Sydney,14390
3229,Cairo,Tananarive,5704
3230,Cairo,Teheran,2003
3231,Cairo,Tokyo,9562
3232,Cairo,Tripoli,1748
3233,Cairo,Venice,2381
3234,Cairo,Veracruz,12174
3235,Cairo,Vienna,2393
3236,Cairo,Vladivostok,8557
3237,Cairo,Warsaw,2610
3238,Cairo,Wellington,16513
3239,Cairo,Zrich,2743
3240,Calcutta,Aberdeen,7948
3241,Calcutta,Adelaide,8298
3242,Calcutta,Algiers,8137
3243,Calcutta,Amsterdam,7609
3244,Calcutta,Ankara,5519
3245,Calcutta,Asuncin,16561
3246,Calcutta,Athens,6317
3247,Calcutta,Auckland,11181
3248,Calcutta,Bangkok,1609
3249,Calcutta,Barcelona,8072
3250,Calcutta,Beijing,3265
3251,Calcutta,Belm,14803
3252,Calcutta,Belfast,8249
3253,Calcutta,Belgrade,6543
3254,Calcutta,Berlin,7033
3255,Calcutta,Birmingham,8059
3256,Calcutta,Bogot,16460
3257,Calcutta,Bombay,1668
3258,Calcutta,Bordeaux,8179
3259,Calcutta,Bremen,7336
3260,Calcutta,Brisbane,8902
3261,Calcutta,Bristol,8130
3262,Calcutta,Brussels,7673
3263,Calcutta,Bucharest,6101
3264,Calcutta,Budapest,6647
3265,Calcutta,Buenos Aires,16525
3266,Calcutta,Cairo,5690
3267,Calcutta,Calcutta,0
3268,Calcutta,Canton,2544
3269,Calcutta,Cape Town,9704
3270,Calcutta,Caracas,15470
3271,Calcutta,Cayenne,14770
3272,Calcutta,Chihuahua,14115
3273,Calcutta,Chongqing,1978
3274,Calcutta,Copenhagen,7073
3275,Calcutta,Crdoba,17132
3276,Calcutta,Dakar,10947
3277,Calcutta,Darwin,6046
3278,Calcutta,Djibouti,4955
3279,Calcutta,Dublin,8311
3280,Calcutta,Durban,8471
3281,Calcutta,Edinburgh,8041
3282,Calcutta,Frankfurt,7384
3283,Calcutta,Georgetown,15136
3284,Calcutta,Glasgow,8109
3285,Calcutta,Guatemala City,15878
3286,Calcutta,Guayaquil,17420
3287,Calcutta,Hamburg,7250
3288,Calcutta,Hammerfest,6726
3289,Calcutta,Havana,14836
3290,Calcutta,Helsinki,6383
3291,Calcutta,Hobart,9443
3292,Calcutta,Hong Kong,2646
3293,Calcutta,Iquique,17776
3294,Calcutta,Irkutsk,3594
3295,Calcutta,Jakarta,3779
3296,Calcutta,Johannesburg,8459
3297,Calcutta,Kingston,15228
3298,Calcutta,Kinshasa,8472
3299,Calcutta,Kuala Lumpur,2593
3300,Calcutta,La Paz,17490
3301,Calcutta,Leeds,7996
3302,Calcutta,Lima,18075
3303,Calcutta,Lisbon,9077
3304,Calcutta,Liverpool,8101
3305,Calcutta,London,7961
3306,Calcutta,Lyons,7749
3307,Calcutta,Madrid,8573
3308,Calcutta,Manchester,8051
3309,Calcutta,Manila,3535
3310,Calcutta,Marseilles,7767
3311,Calcutta,Mazatln,14679
3312,Calcutta,Mecca,4993
3313,Calcutta,Melbourne,8938
3314,Calcutta,Mexico City,15274
3315,Calcutta,Milan,7423
3316,Calcutta,Montevideo,16322
3317,Calcutta,Moscow,5535
3318,Calcutta,Munich,7201
3319,Calcutta,Nagasaki,4217
3320,Calcutta,Nagoya,4877
3321,Calcutta,Nairobi,6179
3322,Calcutta,Nanjing (Nanking),3177
3323,Calcutta,Naples,7092
3324,Calcutta,New Delhi,1306
3325,Calcutta,Newcastle-on-Tyne,7972
3326,Calcutta,Odessa,5754
3327,Calcutta,Osaka,4743
3328,Calcutta,Oslo,7170
3329,Calcutta,Panama City,16270
3330,Calcutta,Paramaribo,14961
3331,Calcutta,Paris,7861
3332,Calcutta,Perth,6729
3333,Calcutta,Plymouth,8263
3334,Calcutta,Port Moresby,7315
3335,Calcutta,Prague,6976
3336,Calcutta,Rangoon,1019
3337,Calcutta,Reykjavk,8694
3338,Calcutta,Rio de Janeiro,15075
3339,Calcutta,Rome,7223
3340,Calcutta,Salvador,14314
3341,Calcutta,Santiago,17643
3342,Calcutta,St. Petersburg,6092
3343,Calcutta,So Paulo,15420
3344,Calcutta,Shanghai,3402
3345,Calcutta,Singapore,2905
3346,Calcutta,Sofia,6325
3347,Calcutta,Stockholm,6755
3348,Calcutta,Sydney,9127
3349,Calcutta,Tananarive,6394
3350,Calcutta,Teheran,3820
3351,Calcutta,Tokyo,5135
3352,Calcutta,Tripoli,7339
3353,Calcutta,Venice,7179
3354,Calcutta,Veracruz,15348
3355,Calcutta,Vienna,6849
3356,Calcutta,Vladivostok,4601
3357,Calcutta,Warsaw,6518
3358,Calcutta,Wellington,11351
3359,Calcutta,Zrich,7440
3360,Canton,Aberdeen,9267
3361,Canton,Adelaide,6985
3362,Canton,Algiers,10131
3363,Canton,Amsterdam,9151
3364,Canton,Ankara,7590
3365,Canton,Asuncin,19063
3366,Canton,Athens,8414
3367,Canton,Auckland,9269
3368,Canton,Bangkok,1699
3369,Canton,Barcelona,9936
3370,Canton,Beijing,1891
3371,Canton,Belm,16904
3372,Canton,Belfast,9622
3373,Canton,Belgrade,8423
3374,Canton,Berlin,8621
3375,Canton,Birmingham,9544
3376,Canton,Bogot,16834
3377,Canton,Bombay,4209
3378,Canton,Bordeaux,9918
3379,Canton,Bremen,8879
3380,Canton,Brisbane,7070
3381,Canton,Bristol,9641
3382,Canton,Brussels,9262
3383,Canton,Bucharest,8015
3384,Canton,Budapest,8435
3385,Canton,Buenos Aires,18502
3386,Canton,Cairo,8008
3387,Canton,Calcutta,2544
3388,Canton,Canton,0
3389,Canton,Cape Town,11842
3390,Canton,Caracas,16280
3391,Canton,Cayenne,16535
3392,Canton,Chihuahua,12884
3393,Canton,Chongqing,994
3394,Canton,Copenhagen,8541
3395,Canton,Crdoba,19052
3396,Canton,Dakar,13204
3397,Canton,Darwin,4396
3398,Canton,Djibouti,7499
3399,Canton,Dublin,9724
3400,Canton,Durban,10579
3401,Canton,Edinburgh,9395
3402,Canton,Frankfurt,9029
3403,Canton,Georgetown,16567
3404,Canton,Glasgow,9456
3405,Canton,Guatemala City,15086
3406,Canton,Guayaquil,17286
3407,Canton,Hamburg,8783
3408,Canton,Hammerfest,7576
3409,Canton,Havana,14601
3410,Canton,Helsinki,7698
3411,Canton,Hobart,8124
3412,Canton,Hong Kong,129
3413,Canton,Iquique,19536
3414,Canton,Irkutsk,3354
3415,Canton,Jakarta,3341
3416,Canton,Johannesburg,10671
3417,Canton,Kingston,15315
3418,Canton,Kinshasa,11009
3419,Canton,Kuala Lumpur,2546
3420,Canton,La Paz,19254
3421,Canton,Leeds,9440
3422,Canton,Lima,18368
3423,Canton,Lisbon,10894
3424,Canton,Liverpool,9543
3425,Canton,London,9492
3426,Canton,Lyons,9507
3427,Canton,Madrid,10406
3428,Canton,Manchester,9496
3429,Canton,Manila,1247
3430,Canton,Marseilles,9601
3431,Canton,Mazatln,13314
3432,Canton,Mecca,7476
3433,Canton,Melbourne,7539
3434,Canton,Mexico City,14122
3435,Canton,Milan,9223
3436,Canton,Montevideo,18352
3437,Canton,Moscow,7013
3438,Canton,Munich,8930
3439,Canton,Nagasaki,1957
3440,Canton,Nagoya,2649
3441,Canton,Nairobi,8675
3442,Canton,Nanjing (Nanking),1137
3443,Canton,Naples,9062
3444,Canton,New Delhi,3644
3445,Canton,Newcastle-on-Tyne,9372
3446,Canton,Odessa,7607
3447,Canton,Osaka,2503
3448,Canton,Oslo,8464
3449,Canton,Panama City,16185
3450,Canton,Paramaribo,16570
3451,Canton,Paris,9502
3452,Canton,Perth,6129
3453,Canton,Plymouth,9794
3454,Canton,Port Moresby,5164
3455,Canton,Prague,8655
3456,Canton,Rangoon,1931
3457,Canton,Reykjavk,9576
3458,Canton,Rio de Janeiro,17607
3459,Canton,Rome,9151
3460,Canton,Salvador,16823
3461,Canton,Santiago,18799
3462,Canton,St. Petersburg,7411
3463,Canton,So Paulo,17950
3464,Canton,Shanghai,1208
3465,Canton,Singapore,2633
3466,Canton,Sofia,8285
3467,Canton,Stockholm,8100
3468,Canton,Sydney,7501
3469,Canton,Tananarive,8519
3470,Canton,Teheran,6022
3471,Canton,Tokyo,2908
3472,Canton,Tripoli,9504
3473,Canton,Venice,9000
3474,Canton,Veracruz,14331
3475,Canton,Vienna,8600
3476,Canton,Vladivostok,2817
3477,Canton,Warsaw,8144
3478,Canton,Wellington,9558
3479,Canton,Zrich,9175
3480,Cape Town,Aberdeen,10308
3481,Cape Town,Adelaide,10155
3482,Cape Town,Algiers,8026
3483,Cape Town,Amsterdam,9683
3484,Cape Town,Ankara,8344
3485,Cape Town,Asuncin,7251
3486,Cape Town,Athens,8012
3487,Cape Town,Auckland,11772
3488,Cape Town,Bangkok,10149
3489,Cape Town,Barcelona,8535
3490,Cape Town,Beijing,12961
3491,Cape Town,Belm,7794
3492,Cape Town,Belfast,10115
3493,Cape Town,Belgrade,8763
3494,Cape Town,Berlin,9621
3495,Cape Town,Birmingham,9800
3496,Cape Town,Bogot,10529
3497,Cape Town,Bombay,8234
3498,Cape Town,Bordeaux,8961
3499,Cape Town,Bremen,9718
3500,Cape Town,Brisbane,11689
3501,Cape Town,Bristol,9712
3502,Cape Town,Brussels,9526
3503,Cape Town,Bucharest,8745
3504,Cape Town,Budapest,9053
3505,Cape Town,Buenos Aires,6864
3506,Cape Town,Cairo,7240
3507,Cape Town,Calcutta,9704
3508,Cape Town,Canton,11842
3509,Cape Town,Cape Town,0
3510,Cape Town,Caracas,10236
3511,Cape Town,Cayenne,8549
3512,Cape Town,Chihuahua,14765
3513,Cape Town,Chongqing,11646
3514,Cape Town,Copenhagen,9976
3515,Cape Town,Crdoba,7501
3516,Cape Town,Dakar,6601
3517,Cape Town,Darwin,11221
3518,Cape Town,Djibouti,5684
3519,Cape Town,Dublin,9988
3520,Cape Town,Durban,1262
3521,Cape Town,Edinburgh,10195
3522,Cape Town,Frankfurt,9392
3523,Cape Town,Georgetown,9208
3524,Cape Town,Glasgow,10208
3525,Cape Town,Guatemala City,12634
3526,Cape Town,Guayaquil,10636
3527,Cape Town,Hamburg,9759
3528,Cape Town,Hammerfest,11633
3529,Cape Town,Havana,12364
3530,Cape Town,Helsinki,10479
3531,Cape Town,Hobart,10025
3532,Cape Town,Hong Kong,11880
3533,Cape Town,Iquique,8640
3534,Cape Town,Irkutsk,12679
3535,Cape Town,Jakarta,9475
3536,Cape Town,Johannesburg,1266
3537,Cape Town,Kingston,11575
3538,Cape Town,Kinshasa,3308
3539,Cape Town,Kuala Lumpur,9588
3540,Cape Town,La Paz,8702
3541,Cape Town,Leeds,9934
3542,Cape Town,Lima,9755
3543,Cape Town,Lisbon,8561
3544,Cape Town,Liverpool,9927
3545,Cape Town,London,9671
3546,Cape Town,Lyons,8962
3547,Cape Town,Madrid,8571
3548,Cape Town,Manchester,9921
3549,Cape Town,Manila,12052
3550,Cape Town,Marseilles,8691
3551,Cape Town,Mazatln,14557
3552,Cape Town,Mecca,6563
3553,Cape Town,Melbourne,10320
3554,Cape Town,Mexico City,13693
3555,Cape Town,Milan,8873
3556,Cape Town,Montevideo,6666
3557,Cape Town,Moscow,10136
3558,Cape Town,Munich,9148
3559,Cape Town,Nagasaki,13785
3560,Cape Town,Nagoya,14478
3561,Cape Town,Nairobi,4096
3562,Cape Town,Nanjing (Nanking),12800
3563,Cape Town,Naples,8322
3564,Cape Town,New Delhi,9304
3565,Cape Town,Newcastle-on-Tyne,10066
3566,Cape Town,Odessa,9022
3567,Cape Town,Osaka,14334
3568,Cape Town,Oslo,10461
3569,Cape Town,Panama City,11288
3570,Cape Town,Paramaribo,8873
3571,Cape Town,Paris,9334
3572,Cape Town,Perth,8702
3573,Cape Town,Plymouth,9633
3574,Cape Town,Port Moresby,12778
3575,Cape Town,Prague,9348
3576,Cape Town,Rangoon,9953
3577,Cape Town,Reykjavk,11454
3578,Cape Town,Rio de Janeiro,6054
3579,Cape Town,Rome,8452
3580,Cape Town,Salvador,6162
3581,Cape Town,Santiago,7943
3582,Cape Town,St. Petersburg,10493
3583,Cape Town,So Paulo,6330
3584,Cape Town,Shanghai,12979
3585,Cape Town,Singapore,9673
3586,Cape Town,Sofia,8530
3587,Cape Town,Stockholm,10363
3588,Cape Town,Sydney,10992
3589,Cape Town,Tananarive,3338
3590,Cape Town,Teheran,8487
3591,Cape Town,Tokyo,14740
3592,Cape Town,Tripoli,7454
3593,Cape Town,Venice,8844
3594,Cape Town,Veracruz,13407
3595,Cape Town,Vienna,9136
3596,Cape Town,Vladivostok,14303
3597,Cape Town,Warsaw,9582
3598,Cape Town,Wellington,11312
3599,Cape Town,Zrich,9089
3600,Caracas,Aberdeen,7530
3601,Caracas,Adelaide,16256
3602,Caracas,Algiers,7540
3603,Caracas,Amsterdam,7863
3604,Caracas,Ankara,10095
3605,Caracas,Asuncin,4099
3606,Caracas,Athens,9359
3607,Caracas,Auckland,13204
3608,Caracas,Bangkok,16991
3609,Caracas,Barcelona,7508
3610,Caracas,Beijing,14401
3611,Caracas,Belm,2444
3612,Caracas,Belfast,7222
3613,Caracas,Belgrade,8998
3614,Caracas,Berlin,8440
3615,Caracas,Birmingham,7411
3616,Caracas,Bogot,1033
3617,Caracas,Bombay,14527
3618,Caracas,Bordeaux,7344
3619,Caracas,Bremen,8135
3620,Caracas,Brisbane,15415
3621,Caracas,Bristol,7341
3622,Caracas,Brussels,7805
3623,Caracas,Bucharest,9442
3624,Caracas,Budapest,8861
3625,Caracas,Buenos Aires,5092
3626,Caracas,Cairo,10219
3627,Caracas,Calcutta,15470
3628,Caracas,Canton,16280
3629,Caracas,Cape Town,10236
3630,Caracas,Caracas,0
3631,Caracas,Cayenne,1740
3632,Caracas,Chihuahua,4532
3633,Caracas,Chongqing,15489
3634,Caracas,Copenhagen,8396
3635,Caracas,Crdoba,4672
3636,Caracas,Dakar,5389
3637,Caracas,Darwin,18054
3638,Caracas,Djibouti,11913
3639,Caracas,Dublin,7159
3640,Caracas,Durban,11342
3641,Caracas,Edinburgh,7433
3642,Caracas,Frankfurt,8099
3643,Caracas,Georgetown,1050
3644,Caracas,Glasgow,7365
3645,Caracas,Guatemala City,2588
3646,Caracas,Guayaquil,2002
3647,Caracas,Hamburg,8220
3648,Caracas,Hammerfest,8934
3649,Caracas,Havana,2153
3650,Caracas,Helsinki,9111
3651,Caracas,Hobart,15116
3652,Caracas,Hong Kong,16365
3653,Caracas,Iquique,3422
3654,Caracas,Irkutsk,12965
3655,Caracas,Jakarta,19191
3656,Caracas,Johannesburg,11022
3657,Caracas,Kingston,1344
3658,Caracas,Kinshasa,9257
3659,Caracas,Kuala Lumpur,18054
3660,Caracas,La Paz,2996
3661,Caracas,Leeds,7473
3662,Caracas,Lima,2731
3663,Caracas,Lisbon,6512
3664,Caracas,Liverpool,7368
3665,Caracas,London,7512
3666,Caracas,Lyons,7772
3667,Caracas,Madrid,7007
3668,Caracas,Manchester,7418
3669,Caracas,Manila,17093
3670,Caracas,Marseilles,7788
3671,Caracas,Mazatln,4406
3672,Caracas,Mecca,11275
3673,Caracas,Melbourne,15610
3674,Caracas,Mexico City,3580
3675,Caracas,Milan,8106
3676,Caracas,Montevideo,5170
3677,Caracas,Moscow,9941
3678,Caracas,Munich,8300
3679,Caracas,Nagasaki,14877
3680,Caracas,Nagoya,14353
3681,Caracas,Nairobi,11561
3682,Caracas,Nanjing (Nanking),15245
3683,Caracas,Naples,8518
3684,Caracas,New Delhi,14217
3685,Caracas,Newcastle-on-Tyne,7499
3686,Caracas,Odessa,9756
3687,Caracas,Osaka,14475
3688,Caracas,Oslo,8319
3689,Caracas,Panama City,1379
3690,Caracas,Paramaribo,1398
3691,Caracas,Paris,7627
3692,Caracas,Perth,17607
3693,Caracas,Plymouth,7211
3694,Caracas,Port Moresby,16272
3695,Caracas,Prague,8509
3696,Caracas,Rangoon,16452
3697,Caracas,Reykjavk,6911
3698,Caracas,Rio de Janeiro,4532
3699,Caracas,Rome,8365
3700,Caracas,Salvador,4089
3701,Caracas,Santiago,4900
3702,Caracas,St. Petersburg,9405
3703,Caracas,So Paulo,4388
3704,Caracas,Shanghai,15297
3705,Caracas,Singapore,18373
3706,Caracas,Sofia,9250
3707,Caracas,Stockholm,8729
3708,Caracas,Sydney,15350
3709,Caracas,Tananarive,12951
3710,Caracas,Teheran,11803
3711,Caracas,Tokyo,14165
3712,Caracas,Tripoli,8471
3713,Caracas,Venice,8353
3714,Caracas,Veracruz,3272
3715,Caracas,Vienna,8652
3716,Caracas,Vladivostok,13746
3717,Caracas,Warsaw,8956
3718,Caracas,Wellington,13116
3719,Caracas,Zrich,8067
3720,Cayenne,Aberdeen,7267
3721,Cayenne,Adelaide,16485
3722,Cayenne,Algiers,6639
3723,Cayenne,Amsterdam,7411
3724,Cayenne,Ankara,9256
3725,Cayenne,Asuncin,3393
3726,Cayenne,Athens,8453
3727,Cayenne,Auckland,14056
3728,Cayenne,Bangkok,16372
3729,Cayenne,Barcelona,6743
3730,Cayenne,Beijing,14908
3731,Cayenne,Belm,817
3732,Cayenne,Belfast,6914
3733,Cayenne,Belgrade,8281
3734,Cayenne,Berlin,7958
3735,Cayenne,Birmingham,7004
3736,Cayenne,Bogot,2432
3737,Cayenne,Bombay,13450
3738,Cayenne,Bordeaux,6698
3739,Cayenne,Bremen,7686
3740,Cayenne,Brisbane,16327
3741,Cayenne,Bristol,6911
3742,Cayenne,Brussels,7311
3743,Cayenne,Bucharest,8713
3744,Cayenne,Budapest,8220
3745,Cayenne,Buenos Aires,4426
3746,Cayenne,Cairo,9129
3747,Cayenne,Calcutta,14770
3748,Cayenne,Canton,16535
3749,Cayenne,Cape Town,8549
3750,Cayenne,Caracas,1740
3751,Cayenne,Cayenne,0
3752,Cayenne,Chihuahua,6243
3753,Cayenne,Chongqing,15558
3754,Cayenne,Copenhagen,8012
3755,Cayenne,Crdoba,4226
3756,Cayenne,Dakar,3964
3757,Cayenne,Darwin,19096
3758,Cayenne,Djibouti,10481
3759,Cayenne,Dublin,6815
3760,Cayenne,Durban,9620
3761,Cayenne,Edinburgh,7140
3762,Cayenne,Frankfurt,7562
3763,Cayenne,Georgetown,692
3764,Cayenne,Glasgow,7079
3765,Cayenne,Guatemala City,4320
3766,Cayenne,Guayaquil,3166
3767,Cayenne,Hamburg,7780
3768,Cayenne,Hammerfest,8986
3769,Cayenne,Havana,3816
3770,Cayenne,Helsinki,8842
3771,Cayenne,Hobart,15363
3772,Cayenne,Hong Kong,16657
3773,Cayenne,Iquique,3392
3774,Cayenne,Irkutsk,13271
3775,Cayenne,Jakarta,17696
3776,Cayenne,Johannesburg,9288
3777,Cayenne,Kingston,3040
3778,Cayenne,Kinshasa,7574
3779,Cayenne,Kuala Lumpur,16994
3780,Cayenne,La Paz,2951
3781,Cayenne,Leeds,7104
3782,Cayenne,Lima,3312
3783,Cayenne,Lisbon,5749
3784,Cayenne,Liverpool,7000
3785,Cayenne,London,7065
3786,Cayenne,Lyons,7122
3787,Cayenne,Madrid,6251
3788,Cayenne,Manchester,7047
3789,Cayenne,Manila,17733
3790,Cayenne,Marseilles,7064
3791,Cayenne,Mazatln,6144
3792,Cayenne,Mecca,10022
3793,Cayenne,Melbourne,15952
3794,Cayenne,Mexico City,5321
3795,Cayenne,Milan,7429
3796,Cayenne,Montevideo,4432
3797,Cayenne,Moscow,9558
3798,Cayenne,Munich,7693
3799,Cayenne,Nagasaki,15825
3800,Cayenne,Nagoya,15470
3801,Cayenne,Nairobi,9934
3802,Cayenne,Nanjing (Nanking),15810
3803,Cayenne,Naples,7695
3804,Cayenne,New Delhi,13464
3805,Cayenne,Newcastle-on-Tyne,7167
3806,Cayenne,Odessa,9091
3807,Cayenne,Osaka,15563
3808,Cayenne,Oslo,8071
3809,Cayenne,Panama City,3040
3810,Cayenne,Paramaribo,342
3811,Cayenne,Paris,7083
3812,Cayenne,Perth,16755
3813,Cayenne,Plymouth,6761
3814,Cayenne,Port Moresby,17811
3815,Cayenne,Prague,7952
3816,Cayenne,Rangoon,15780
3817,Cayenne,Reykjavk,7022
3818,Cayenne,Rio de Janeiro,3241
3819,Cayenne,Rome,7576
3820,Cayenne,Salvador,2497
3821,Cayenne,Santiago,4678
3822,Cayenne,St. Petersburg,9132
3823,Cayenne,So Paulo,3212
3824,Cayenne,Shanghai,15959
3825,Cayenne,Singapore,17288
3826,Cayenne,Sofia,8471
3827,Cayenne,Stockholm,8441
3828,Cayenne,Sydney,15976
3829,Cayenne,Tananarive,11215
3830,Cayenne,Teheran,10949
3831,Cayenne,Tokyo,15341
3832,Cayenne,Tripoli,7438
3833,Cayenne,Venice,7665
3834,Cayenne,Veracruz,5012
3835,Cayenne,Vienna,8036
3836,Cayenne,Vladivostok,14662
3837,Cayenne,Warsaw,8451
3838,Cayenne,Wellington,13835
3839,Cayenne,Zrich,7448
3840,Chihuahua,Aberdeen,8148
3841,Chihuahua,Adelaide,13964
3842,Chihuahua,Algiers,9641
3843,Chihuahua,Amsterdam,8805
3844,Chihuahua,Ankara,11295
3845,Chihuahua,Asuncin,7914
3846,Chihuahua,Athens,10956
3847,Chihuahua,Auckland,11001
3848,Chihuahua,Bangkok,14504
3849,Chihuahua,Barcelona,9301
3850,Chihuahua,Beijing,11219
3851,Chihuahua,Belm,6976
3852,Chihuahua,Belfast,8060
3853,Chihuahua,Belgrade,10219
3854,Chihuahua,Berlin,9261
3855,Chihuahua,Birmingham,8407
3856,Chihuahua,Bogot,4294
3857,Chihuahua,Bombay,14718
3858,Chihuahua,Bordeaux,8915
3859,Chihuahua,Bremen,8977
3860,Chihuahua,Brisbane,12399
3861,Chihuahua,Bristol,8417
3862,Chihuahua,Brussels,8867
3863,Chihuahua,Bucharest,10555
3864,Chihuahua,Budapest,9934
3865,Chihuahua,Buenos Aires,8630
3866,Chihuahua,Cairo,12082
3867,Chihuahua,Calcutta,14115
3868,Chihuahua,Canton,12884
3869,Chihuahua,Cape Town,14765
3870,Chihuahua,Caracas,4532
3871,Chihuahua,Cayenne,6243
3872,Chihuahua,Chihuahua,0
3873,Chihuahua,Chongqing,12655
3874,Chihuahua,Copenhagen,8995
3875,Chihuahua,Crdoba,8018
3876,Chihuahua,Dakar,9101
3877,Chihuahua,Darwin,13879
3878,Chihuahua,Djibouti,14456
3879,Chihuahua,Dublin,8102
3880,Chihuahua,Durban,15862
3881,Chihuahua,Edinburgh,8154
3882,Chihuahua,Frankfurt,9165
3883,Chihuahua,Georgetown,5570
3884,Chihuahua,Glasgow,8098
3885,Chihuahua,Guatemala City,2234
3886,Chihuahua,Guayaquil,4415
3887,Chihuahua,Hamburg,9011
3888,Chihuahua,Hammerfest,8293
3889,Chihuahua,Havana,2443
3890,Chihuahua,Helsinki,9186
3891,Chihuahua,Hobart,13414
3892,Chihuahua,Hong Kong,12893
3893,Chihuahua,Iquique,6658
3894,Chihuahua,Irkutsk,10523
3895,Chihuahua,Jakarta,15759
3896,Chihuahua,Johannesburg,15508
3897,Chihuahua,Kingston,3203
3898,Chihuahua,Kinshasa,13281
3899,Chihuahua,Kuala Lumpur,15403
3900,Chihuahua,La Paz,6445
3901,Chihuahua,Leeds,8361
3902,Chihuahua,Lima,5490
3903,Chihuahua,Lisbon,8613
3904,Chihuahua,Liverpool,8291
3905,Chihuahua,London,8565
3906,Chihuahua,Lyons,9213
3907,Chihuahua,Madrid,8936
3908,Chihuahua,Manchester,8330
3909,Chihuahua,Manila,13041
3910,Chihuahua,Marseilles,9398
3911,Chihuahua,Mazatln,603
3912,Chihuahua,Mecca,13346
3913,Chihuahua,Melbourne,13482
3914,Chihuahua,Mexico City,1241
3915,Chihuahua,Milan,9506
3916,Chihuahua,Montevideo,8791
3917,Chihuahua,Moscow,10021
3918,Chihuahua,Munich,9467
3919,Chihuahua,Nagasaki,10984
3920,Chihuahua,Nagoya,10328
3921,Chihuahua,Nairobi,15061
3922,Chihuahua,Nanjing (Nanking),11764
3923,Chihuahua,Naples,10149
3924,Chihuahua,New Delhi,13645
3925,Chihuahua,Newcastle-on-Tyne,8290
3926,Chihuahua,Odessa,10609
3927,Chihuahua,Osaka,10470
3928,Chihuahua,Oslo,8617
3929,Chihuahua,Panama City,3530
3930,Chihuahua,Paramaribo,5910
3931,Chihuahua,Paris,8869
3932,Chihuahua,Perth,15994
3933,Chihuahua,Plymouth,8379
3934,Chihuahua,Port Moresby,12139
3935,Chihuahua,Prague,9488
3936,Chihuahua,Rangoon,14431
3937,Chihuahua,Reykjavk,6889
3938,Chihuahua,Rio de Janeiro,8843
3939,Chihuahua,Rome,9958
3940,Chihuahua,Salvador,8604
3941,Chihuahua,Santiago,7842
3942,Chihuahua,St. Petersburg,9394
3943,Chihuahua,So Paulo,8616
3944,Chihuahua,Shanghai,11677
3945,Chihuahua,Singapore,15408
3946,Chihuahua,Sofia,10551
3947,Chihuahua,Stockholm,8982
3948,Chihuahua,Sydney,12842
3949,Chihuahua,Tananarive,17127
3950,Chihuahua,Teheran,12490
3951,Chihuahua,Tokyo,10088
3952,Chihuahua,Tripoli,10644
3953,Chihuahua,Venice,9701
3954,Chihuahua,Veracruz,1454
3955,Chihuahua,Vienna,9728
3956,Chihuahua,Vladivostok,10076
3957,Chihuahua,Warsaw,9660
3958,Chihuahua,Wellington,11236
3959,Chihuahua,Zrich,9339
3960,Chongqing,Aberdeen,8292
3961,Chongqing,Adelaide,7937
3962,Chongqing,Algiers,9147
3963,Chongqing,Amsterdam,8160
3964,Chongqing,Ankara,6627
3965,Chongqing,Asuncin,18382
3966,Chongqing,Athens,7450
3967,Chongqing,Auckland,10260
3968,Chongqing,Bangkok,1886
3969,Chongqing,Barcelona,8944
3970,Chongqing,Beijing,1440
3971,Chongqing,Belm,15909
3972,Chongqing,Belfast,8643
3973,Chongqing,Belgrade,7435
3974,Chongqing,Berlin,7628
3975,Chongqing,Birmingham,8557
3976,Chongqing,Bogot,16200
3977,Chongqing,Bombay,3607
3978,Chongqing,Bordeaux,8924
3979,Chongqing,Bremen,7887
3980,Chongqing,Brisbane,8064
3981,Chongqing,Bristol,8653
3982,Chongqing,Brussels,8270
3983,Chongqing,Bucharest,7031
3984,Chongqing,Budapest,7442
3985,Chongqing,Buenos Aires,18501
3986,Chongqing,Cairo,7103
3987,Chongqing,Calcutta,1978
3988,Chongqing,Canton,994
3989,Chongqing,Cape Town,11646
3990,Chongqing,Caracas,15489
3991,Chongqing,Cayenne,15558
3992,Chongqing,Chihuahua,12655
3993,Chongqing,Chongqing,0
3994,Chongqing,Copenhagen,7552
3995,Chongqing,Crdoba,19108
3996,Chongqing,Dakar,12246
3997,Chongqing,Darwin,5369
3998,Chongqing,Djibouti,6830
3999,Chongqing,Dublin,8742
4000,Chongqing,Durban,10397
4001,Chongqing,Edinburgh,8417
4002,Chongqing,Frankfurt,8035
4003,Chongqing,Georgetown,15642
4004,Chongqing,Glasgow,8479
4005,Chongqing,Guatemala City,14750
4006,Chongqing,Guayaquil,16870
4007,Chongqing,Hamburg,7792
4008,Chongqing,Hammerfest,6643
4009,Chongqing,Havana,14055
4010,Chongqing,Helsinki,6715
4011,Chongqing,Hobart,9085
4012,Chongqing,Hong Kong,1122
4013,Chongqing,Iquique,18896
4014,Chongqing,Irkutsk,2534
4015,Chongqing,Jakarta,4006
4016,Chongqing,Johannesburg,10415
4017,Chongqing,Kingston,14693
4018,Chongqing,Kinshasa,10368
4019,Chongqing,Kuala Lumpur,3005
4020,Chongqing,La Paz,18446
4021,Chongqing,Leeds,8455
4022,Chongqing,Lima,18004
4023,Chongqing,Lisbon,9900
4024,Chongqing,Liverpool,8559
4025,Chongqing,London,8502
4026,Chongqing,Lyons,8512
4027,Chongqing,Madrid,9413
4028,Chongqing,Manchester,8512
4029,Chongqing,Manila,2241
4030,Chongqing,Marseilles,8609
4031,Chongqing,Mazatln,13151
4032,Chongqing,Mecca,6673
4033,Chongqing,Melbourne,8506
4034,Chongqing,Mexico City,13891
4035,Chongqing,Milan,8230
4036,Chongqing,Montevideo,18298
4037,Chongqing,Moscow,6020
4038,Chongqing,Munich,7936
4039,Chongqing,Nagasaki,2242
4040,Chongqing,Nagoya,2899
4041,Chongqing,Nairobi,8136
4042,Chongqing,Nanjing (Nanking),1201
4043,Chongqing,Naples,8079
4044,Chongqing,New Delhi,2846
4045,Chongqing,Newcastle-on-Tyne,8391
4046,Chongqing,Odessa,6620
4047,Chongqing,Osaka,2765
4048,Chongqing,Oslo,7487
4049,Chongqing,Panama City,15658
4050,Chongqing,Paramaribo,15614
4051,Chongqing,Paris,8509
4052,Chongqing,Perth,6932
4053,Chongqing,Plymouth,8805
4054,Chongqing,Port Moresby,6148
4055,Chongqing,Prague,7660
4056,Chongqing,Rangoon,1795
4057,Chongqing,Reykjavk,8659
4058,Chongqing,Rio de Janeiro,16918
4059,Chongqing,Rome,8165
4060,Chongqing,Salvador,15961
4061,Chongqing,Santiago,19531
4062,Chongqing,St. Petersburg,6426
4063,Chongqing,So Paulo,17258
4064,Chongqing,Shanghai,1435
4065,Chongqing,Singapore,3185
4066,Chongqing,Sofia,7304
4067,Chongqing,Stockholm,7117
4068,Chongqing,Sydney,8487
4069,Chongqing,Tananarive,8314
4070,Chongqing,Teheran,5103
4071,Chongqing,Tokyo,3157
4072,Chongqing,Tripoli,8546
4073,Chongqing,Venice,8007
4074,Chongqing,Veracruz,14053
4075,Chongqing,Vienna,7606
4076,Chongqing,Vladivostok,2701
4077,Chongqing,Warsaw,7150
4078,Chongqing,Wellington,10552
4079,Chongqing,Zrich,8180
4080,Copenhagen,Aberdeen,918
4081,Copenhagen,Adelaide,15359
4082,Copenhagen,Algiers,2214
4083,Copenhagen,Amsterdam,621
4084,Copenhagen,Ankara,2301
4085,Copenhagen,Asuncin,11158
4086,Copenhagen,Athens,2137
4087,Copenhagen,Auckland,17532
4088,Copenhagen,Bangkok,8620
4089,Copenhagen,Barcelona,1759
4090,Copenhagen,Beijing,7201
4091,Copenhagen,Belm,8386
4092,Copenhagen,Belfast,1177
4093,Copenhagen,Belgrade,1325
4094,Copenhagen,Berlin,356
4095,Copenhagen,Birmingham,1010
4096,Copenhagen,Bogot,9391
4097,Copenhagen,Bombay,6421
4098,Copenhagen,Bordeaux,1516
4099,Copenhagen,Bremen,376
4100,Copenhagen,Brisbane,15582
4101,Copenhagen,Bristol,1101
4102,Copenhagen,Brussels,762
4103,Copenhagen,Bucharest,1575
4104,Copenhagen,Budapest,1012
4105,Copenhagen,Buenos Aires,12062
4106,Copenhagen,Cairo,3212
4107,Copenhagen,Calcutta,7073
4108,Copenhagen,Canton,8541
4109,Copenhagen,Cape Town,9976
4110,Copenhagen,Caracas,8396
4111,Copenhagen,Cayenne,8012
4112,Copenhagen,Chihuahua,8995
4113,Copenhagen,Chongqing,7552
4114,Copenhagen,Copenhagen,0
4115,Copenhagen,Crdoba,12087
4116,Copenhagen,Dakar,5230
4117,Copenhagen,Darwin,12904
4118,Copenhagen,Djibouti,5575
4119,Copenhagen,Dublin,1238
4120,Copenhagen,Durban,9670
4121,Copenhagen,Edinburgh,981
4122,Copenhagen,Frankfurt,669
4123,Copenhagen,Georgetown,8192
4124,Copenhagen,Glasgow,1049
4125,Copenhagen,Guatemala City,9466
4126,Copenhagen,Guayaquil,10363
4127,Copenhagen,Hamburg,286
4128,Copenhagen,Hammerfest,1747
4129,Copenhagen,Havana,8201
4130,Copenhagen,Helsinki,886
4131,Copenhagen,Hobart,16514
4132,Copenhagen,Hong Kong,8667
4133,Copenhagen,Iquique,11402
4134,Copenhagen,Irkutsk,5545
4135,Copenhagen,Jakarta,10847
4136,Copenhagen,Johannesburg,9221
4137,Copenhagen,Kingston,8327
4138,Copenhagen,Kinshasa,6672
4139,Copenhagen,Kuala Lumpur,9665
4140,Copenhagen,La Paz,10957
4141,Copenhagen,Leeds,926
4142,Copenhagen,Lima,11081
4143,Copenhagen,Lisbon,2476
4144,Copenhagen,Liverpool,1032
4145,Copenhagen,London,950
4146,Copenhagen,Lyons,1228
4147,Copenhagen,Madrid,2070
4148,Copenhagen,Manchester,982
4149,Copenhagen,Manila,9779
4150,Copenhagen,Marseilles,1465
4151,Copenhagen,Mazatln,9534
4152,Copenhagen,Mecca,4415
4153,Copenhagen,Melbourne,15984
4154,Copenhagen,Mexico City,9508
4155,Copenhagen,Milan,1160
4156,Copenhagen,Montevideo,11978
4157,Copenhagen,Moscow,1559
4158,Copenhagen,Munich,840
4159,Copenhagen,Nagasaki,8533
4160,Copenhagen,Nagoya,8629
4161,Copenhagen,Nairobi,6721
4162,Copenhagen,Nanjing (Nanking),8040
4163,Copenhagen,Naples,1653
4164,Copenhagen,New Delhi,5849
4165,Copenhagen,Newcastle-on-Tyne,899
4166,Copenhagen,Odessa,1626
4167,Copenhagen,Osaka,8623
4168,Copenhagen,Oslo,488
4169,Copenhagen,Panama City,9316
4170,Copenhagen,Paramaribo,8102
4171,Copenhagen,Paris,1031
4172,Copenhagen,Perth,13695
4173,Copenhagen,Plymouth,1252
4174,Copenhagen,Port Moresby,13533
4175,Copenhagen,Prague,633
4176,Copenhagen,Rangoon,8060
4177,Copenhagen,Reykjavk,2106
4178,Copenhagen,Rio de Janeiro,10197
4179,Copenhagen,Rome,1530
4180,Copenhagen,Salvador,8977
4181,Copenhagen,Santiago,12633
4182,Copenhagen,St. Petersburg,1148
4183,Copenhagen,So Paulo,10414
4184,Copenhagen,Shanghai,8258
4185,Copenhagen,Singapore,9978
4186,Copenhagen,Sofia,1639
4187,Copenhagen,Stockholm,518
4188,Copenhagen,Sydney,16040
4189,Copenhagen,Tananarive,8914
4190,Copenhagen,Teheran,3685
4191,Copenhagen,Tokyo,8695
4192,Copenhagen,Tripoli,2526
4193,Copenhagen,Venice,1138
4194,Copenhagen,Veracruz,9369
4195,Copenhagen,Vienna,865
4196,Copenhagen,Vladivostok,7642
4197,Copenhagen,Warsaw,670
4198,Copenhagen,Wellington,17959
4199,Copenhagen,Zrich,965
4200,Crdoba,Aberdeen,11430
4201,Crdoba,Adelaide,12259
4202,Crdoba,Algiers,10313
4203,Crdoba,Amsterdam,11467
4204,Crdoba,Ankara,12738
4205,Crdoba,Asuncin,938
4206,Crdoba,Athens,11924
4207,Crdoba,Auckland,10256
4208,Crdoba,Bangkok,17499
4209,Crdoba,Barcelona,10569
4210,Crdoba,Beijing,19074
4211,Crdoba,Belm,3720
4212,Crdoba,Belfast,11067
4213,Crdoba,Belgrade,12031
4214,Crdoba,Berlin,11965
4215,Crdoba,Birmingham,11105
4216,Crdoba,Bogot,4143
4217,Crdoba,Bombay,15502
4218,Crdoba,Bordeaux,10642
4219,Crdoba,Bremen,11732
4220,Crdoba,Brisbane,12360
4221,Crdoba,Bristol,11002
4222,Crdoba,Brussels,11341
4223,Crdoba,Bucharest,12410
4224,Crdoba,Budapest,12063
4225,Crdoba,Buenos Aires,642
4226,Crdoba,Cairo,12165
4227,Crdoba,Calcutta,17132
4228,Crdoba,Canton,19052
4229,Crdoba,Cape Town,7501
4230,Crdoba,Caracas,4672
4231,Crdoba,Cayenne,4226
4232,Crdoba,Chihuahua,8018
4233,Crdoba,Chongqing,19108
4234,Crdoba,Copenhagen,12087
4235,Crdoba,Crdoba,0
4236,Crdoba,Dakar,7149
4237,Crdoba,Darwin,14874
4238,Crdoba,Djibouti,12295
4239,Crdoba,Dublin,10955
4240,Crdoba,Durban,8757
4241,Crdoba,Edinburgh,11294
4242,Crdoba,Frankfurt,11546
4243,Crdoba,Georgetown,4295
4244,Crdoba,Glasgow,11237
4245,Crdoba,Guatemala City,5844
4246,Crdoba,Guayaquil,3653
4247,Crdoba,Hamburg,11828
4248,Crdoba,Hammerfest,13208
4249,Crdoba,Havana,6373
4250,Crdoba,Helsinki,12957
4251,Crdoba,Hobart,11147
4252,Crdoba,Hong Kong,18986
4253,Crdoba,Iquique,1389
4254,Crdoba,Irkutsk,17497
4255,Crdoba,Jakarta,15711
4256,Crdoba,Johannesburg,8720
4257,Crdoba,Kingston,5661
4258,Crdoba,Kinshasa,8758
4259,Crdoba,Kuala Lumpur,16534
4260,Crdoba,La Paz,1722
4261,Crdoba,Leeds,11221
4262,Crdoba,Lima,2534
4263,Crdoba,Lisbon,9657
4264,Crdoba,Liverpool,11121
4265,Crdoba,London,11139
4266,Crdoba,Lyons,11035
4267,Crdoba,Madrid,10125
4268,Crdoba,Manchester,11165
4269,Crdoba,Manila,18066
4270,Crdoba,Marseilles,10908
4271,Crdoba,Mazatln,7560
4272,Crdoba,Mecca,12505
4273,Crdoba,Melbourne,11742
4274,Crdoba,Mexico City,6777
4275,Crdoba,Milan,11292
4276,Crdoba,Montevideo,835
4277,Crdoba,Moscow,13561
4278,Crdoba,Munich,11608
4279,Crdoba,Nagasaki,18678
4280,Crdoba,Nagoya,18016
4281,Crdoba,Nairobi,10973
4282,Crdoba,Nanjing (Nanking),19719
4283,Crdoba,Naples,11366
4284,Crdoba,New Delhi,16300
4285,Crdoba,Newcastle-on-Tyne,11301
4286,Crdoba,Odessa,12833
4287,Crdoba,Osaka,18152
4288,Crdoba,Oslo,12220
4289,Crdoba,Panama City,4784
4290,Crdoba,Paramaribo,4245
4291,Crdoba,Paris,11087
4292,Crdoba,Perth,12963
4293,Crdoba,Plymouth,10846
4294,Crdoba,Port Moresby,14379
4295,Crdoba,Prague,11896
4296,Crdoba,Rangoon,17435
4297,Crdoba,Reykjavk,11245
4298,Crdoba,Rio de Janeiro,2274
4299,Crdoba,Rome,11301
4300,Crdoba,Salvador,3338
4301,Crdoba,Santiago,656
4302,Crdoba,St. Petersburg,13233
4303,Crdoba,So Paulo,1948
4304,Crdoba,Shanghai,19478
4305,Crdoba,Singapore,16427
4306,Crdoba,Sofia,12125
4307,Crdoba,Stockholm,12558
4308,Crdoba,Sydney,11856
4309,Crdoba,Tananarive,10839
4310,Crdoba,Teheran,14167
4311,Crdoba,Tokyo,17756
4312,Crdoba,Tripoli,10821
4313,Crdoba,Venice,11500
4314,Crdoba,Veracruz,6584
4315,Crdoba,Vienna,11919
4316,Crdoba,Vladivostok,18088
4317,Crdoba,Warsaw,12412
4318,Crdoba,Wellington,9919
4319,Crdoba,Zrich,11368
4320,Dakar,Aberdeen,4897
4321,Dakar,Adelaide,16730
4322,Dakar,Algiers,3190
4323,Dakar,Amsterdam,4634
4324,Dakar,Ankara,5619
4325,Dakar,Asuncin,6218
4326,Dakar,Athens,4796
4327,Dakar,Auckland,17266
4328,Dakar,Bangkok,12494
4329,Dakar,Barcelona,3521
4330,Dakar,Beijing,12298
4331,Dakar,Belm,3856
4332,Dakar,Belfast,4553
4333,Dakar,Belgrade,4896
4334,Dakar,Berlin,5011
4335,Dakar,Birmingham,4417
4336,Dakar,Bogot,6310
4337,Dakar,Bombay,9508
4338,Dakar,Bordeaux,3714
4339,Dakar,Bremen,4854
4340,Dakar,Brisbane,18289
4341,Dakar,Bristol,4302
4342,Dakar,Brussels,4476
4343,Dakar,Bucharest,5263
4344,Dakar,Budapest,4962
4345,Dakar,Buenos Aires,6974
4346,Dakar,Cairo,5259
4347,Dakar,Calcutta,10947
4348,Dakar,Canton,13204
4349,Dakar,Cape Town,6601
4350,Dakar,Caracas,5389
4351,Dakar,Cayenne,3964
4352,Dakar,Chihuahua,9101
4353,Dakar,Chongqing,12246
4354,Dakar,Copenhagen,5230
4355,Dakar,Crdoba,7149
4356,Dakar,Dakar,0
4357,Dakar,Darwin,16584
4358,Dakar,Djibouti,6545
4359,Dakar,Dublin,4410
4360,Dakar,Durban,7166
4361,Dakar,Edinburgh,4746
4362,Dakar,Frankfurt,4593
4363,Dakar,Georgetown,4534
4364,Dakar,Glasgow,4715
4365,Dakar,Guatemala City,7818
4366,Dakar,Guayaquil,7123
4367,Dakar,Hamburg,4946
4368,Dakar,Hammerfest,6813
4369,Dakar,Havana,6842
4370,Dakar,Helsinki,6107
4371,Dakar,Hobart,16559
4372,Dakar,Hong Kong,13332
4373,Dakar,Iquique,6936
4374,Dakar,Irkutsk,10706
4375,Dakar,Jakarta,13864
4376,Dakar,Johannesburg,6699
4377,Dakar,Kingston,6318
4378,Dakar,Kinshasa,4180
4379,Dakar,Kuala Lumpur,13030
4380,Dakar,La Paz,6572
4381,Dakar,Leeds,4564
4382,Dakar,Lima,7199
4383,Dakar,Lisbon,2797
4384,Dakar,Liverpool,4491
4385,Dakar,London,4382
4386,Dakar,Lyons,4036
4387,Dakar,Madrid,3161
4388,Dakar,Manchester,4519
4389,Dakar,Manila,14403
4390,Dakar,Marseilles,3855
4391,Dakar,Mazatln,9266
4392,Dakar,Mecca,6064
4393,Dakar,Melbourne,16916
4394,Dakar,Mexico City,8615
4395,Dakar,Milan,4234
4396,Dakar,Montevideo,6857
4397,Dakar,Moscow,6515
4398,Dakar,Munich,4575
4399,Dakar,Nagasaki,13702
4400,Dakar,Nagoya,13856
4401,Dakar,Nairobi,6244
4402,Dakar,Nanjing (Nanking),13045
4403,Dakar,Naples,4223
4404,Dakar,New Delhi,9675
4405,Dakar,Newcastle-on-Tyne,4685
4406,Dakar,Odessa,5688
4407,Dakar,Osaka,13843
4408,Dakar,Oslo,5531
4409,Dakar,Panama City,6766
4410,Dakar,Paramaribo,4245
4411,Dakar,Paris,4204
4412,Dakar,Perth,14923
4413,Dakar,Plymouth,4154
4414,Dakar,Port Moresby,18242
4415,Dakar,Prague,4875
4416,Dakar,Rangoon,11918
4417,Dakar,Reykjavk,5503
4418,Dakar,Rio de Janeiro,5033
4419,Dakar,Rome,4171
4420,Dakar,Salvador,3841
4421,Dakar,Santiago,7777
4422,Dakar,St. Petersburg,6336
4423,Dakar,So Paulo,5291
4424,Dakar,Shanghai,13292
4425,Dakar,Singapore,13330
4426,Dakar,Sofia,4976
4427,Dakar,Stockholm,5747
4428,Dakar,Sydney,17572
4429,Dakar,Tananarive,8033
4430,Dakar,Teheran,7200
4431,Dakar,Tokyo,13926
4432,Dakar,Tripoli,3700
4433,Dakar,Venice,4413
4434,Dakar,Veracruz,8317
4435,Dakar,Vienna,4846
4436,Dakar,Vladivostok,12871
4437,Dakar,Warsaw,5380
4438,Dakar,Wellington,16828
4439,Dakar,Zrich,4354
4440,Darwin,Aberdeen,13661
4441,Darwin,Adelaide,2615
4442,Darwin,Algiers,14178
4443,Darwin,Amsterdam,13499
4444,Darwin,Ankara,11564
4445,Darwin,Asuncin,15720
4446,Darwin,Athens,12350
4447,Darwin,Auckland,5135
4448,Darwin,Bangkok,4436
4449,Darwin,Barcelona,14113
4450,Darwin,Beijing,6012
4451,Darwin,Belm,18464
4452,Darwin,Belfast,14012
4453,Darwin,Belgrade,12577
4454,Darwin,Berlin,12946
4455,Darwin,Birmingham,13913
4456,Darwin,Bogot,17119
4457,Darwin,Bombay,7258
4458,Darwin,Bordeaux,14185
4459,Darwin,Bremen,13223
4460,Darwin,Brisbane,2856
4461,Darwin,Bristol,14004
4462,Darwin,Brussels,13595
4463,Darwin,Bucharest,12139
4464,Darwin,Budapest,12655
4465,Darwin,Buenos Aires,14693
4466,Darwin,Cairo,11601
4467,Darwin,Calcutta,6046
4468,Darwin,Canton,4396
4469,Darwin,Cape Town,11221
4470,Darwin,Caracas,18054
4471,Darwin,Cayenne,19096
4472,Darwin,Chihuahua,13879
4473,Darwin,Chongqing,5369
4474,Darwin,Copenhagen,12904
4475,Darwin,Crdoba,14874
4476,Darwin,Dakar,16584
4477,Darwin,Darwin,0
4478,Darwin,Djibouti,10047
4479,Darwin,Dublin,14109
4480,Darwin,Durban,10255
4481,Darwin,Edinburgh,13786
4482,Darwin,Frankfurt,13335
4483,Darwin,Georgetown,18832
4484,Darwin,Glasgow,13848
4485,Darwin,Guatemala City,15542
4486,Darwin,Guayaquil,16246
4487,Darwin,Hamburg,13130
4488,Darwin,Hammerfest,11945
4489,Darwin,Havana,16312
4490,Darwin,Helsinki,12082
4491,Darwin,Hobart,3733
4492,Darwin,Hong Kong,4274
4493,Darwin,Iquique,15722
4494,Darwin,Irkutsk,7657
4495,Darwin,Jakarta,2725
4496,Darwin,Johannesburg,10636
4497,Darwin,Kingston,16987
4498,Darwin,Kinshasa,12657
4499,Darwin,Kuala Lumpur,3657
4500,Darwin,La Paz,16167
4501,Darwin,Leeds,13817
4502,Darwin,Lima,15908
4503,Darwin,Lisbon,15115
4504,Darwin,Liverpool,13922
4505,Darwin,London,13848
4506,Darwin,Lyons,13758
4507,Darwin,Madrid,14611
4508,Darwin,Manchester,13874
4509,Darwin,Manila,3199
4510,Darwin,Marseilles,13800
4511,Darwin,Mazatln,13874
4512,Darwin,Mecca,10623
4513,Darwin,Melbourne,3144
4514,Darwin,Mexico City,14634
4515,Darwin,Milan,13443
4516,Darwin,Montevideo,14698
4517,Darwin,Moscow,11352
4518,Darwin,Munich,13192
4519,Darwin,Nagasaki,5034
4520,Darwin,Nagoya,5329
4521,Darwin,Nairobi,10400
4522,Darwin,Nanjing (Nanking),5111
4523,Darwin,Naples,13138
4524,Darwin,New Delhi,7351
4525,Darwin,Newcastle-on-Tyne,13757
4526,Darwin,Odessa,11774
4527,Darwin,Osaka,5249
4528,Darwin,Oslo,12856
4529,Darwin,Panama City,16674
4530,Darwin,Paramaribo,19012
4531,Darwin,Paris,13817
4532,Darwin,Perth,2652
4533,Darwin,Plymouth,14153
4534,Darwin,Port Moresby,1809
4535,Darwin,Prague,12940
4536,Darwin,Rangoon,5027
4537,Darwin,Reykjavk,13902
4538,Darwin,Rio de Janeiro,16023
4539,Darwin,Rome,13268
4540,Darwin,Salvador,16954
4541,Darwin,Santiago,14418
4542,Darwin,St. Petersburg,11791
4543,Darwin,So Paulo,16003
4544,Darwin,Shanghai,4954
4545,Darwin,Singapore,3340
4546,Darwin,Sofia,12370
4547,Darwin,Stockholm,12483
4548,Darwin,Sydney,3144
4549,Darwin,Tananarive,8870
4550,Darwin,Teheran,9856
4551,Darwin,Tokyo,5433
4552,Darwin,Tripoli,13326
4553,Darwin,Venice,13203
4554,Darwin,Veracruz,14944
4555,Darwin,Vienna,12845
4556,Darwin,Vladivostok,6187
4557,Darwin,Warsaw,12447
4558,Darwin,Wellington,5322
4559,Darwin,Zrich,13436
4560,Djibouti,Aberdeen,6357
4561,Djibouti,Adelaide,11237
4562,Djibouti,Algiers,4887
4563,Djibouti,Amsterdam,5679
4564,Djibouti,Ankara,3313
4565,Djibouti,Asuncin,11616
4566,Djibouti,Athens,3514
4567,Djibouti,Auckland,14441
4568,Djibouti,Bangkok,6224
4569,Djibouti,Barcelona,5177
4570,Djibouti,Beijing,7776
4571,Djibouti,Belm,10207
4572,Djibouti,Belfast,6411
4573,Djibouti,Belgrade,4284
4574,Djibouti,Berlin,5272
4575,Djibouti,Birmingham,6058
4576,Djibouti,Bogot,12855
4577,Djibouti,Bombay,3293
4578,Djibouti,Bordeaux,5548
4579,Djibouti,Bremen,5532
4580,Djibouti,Brisbane,12563
4581,Djibouti,Bristol,6043
4582,Djibouti,Brussels,5604
4583,Djibouti,Bucharest,4001
4584,Djibouti,Budapest,4585
4585,Djibouti,Buenos Aires,11768
4586,Djibouti,Cairo,2389
4587,Djibouti,Calcutta,4955
4588,Djibouti,Canton,7499
4589,Djibouti,Cape Town,5684
4590,Djibouti,Caracas,11913
4591,Djibouti,Cayenne,10481
4592,Djibouti,Chihuahua,14456
4593,Djibouti,Chongqing,6830
4594,Djibouti,Copenhagen,5575
4595,Djibouti,Crdoba,12295
4596,Djibouti,Dakar,6545
4597,Djibouti,Darwin,10047
4598,Djibouti,Djibouti,0
4599,Djibouti,Dublin,6361
4600,Djibouti,Durban,4782
4601,Djibouti,Edinburgh,6334
4602,Djibouti,Frankfurt,5315
4603,Djibouti,Georgetown,11078
4604,Djibouti,Glasgow,6387
4605,Djibouti,Guatemala City,14132
4606,Djibouti,Guayaquil,13646
4607,Djibouti,Hamburg,5511
4608,Djibouti,Hammerfest,6711
4609,Djibouti,Havana,12939
4610,Djibouti,Helsinki,5612
4611,Djibouti,Hobart,12033
4612,Djibouti,Hong Kong,7600
4613,Djibouti,Iquique,12843
4614,Djibouti,Irkutsk,7070
4615,Djibouti,Jakarta,7322
4616,Djibouti,Johannesburg,4494
4617,Djibouti,Kingston,12647
4618,Djibouti,Kinshasa,3538
4619,Djibouti,Kuala Lumpur,6523
4620,Djibouti,La Paz,12626
4621,Djibouti,Leeds,6114
4622,Djibouti,Lima,13505
4623,Djibouti,Lisbon,5961
4624,Djibouti,Liverpool,6178
4625,Djibouti,London,5900
4626,Djibouti,Lyons,5243
4627,Djibouti,Madrid,5579
4628,Djibouti,Manchester,6141
4629,Djibouti,Manila,8404
4630,Djibouti,Marseilles,5061
4631,Djibouti,Mazatln,14923
4632,Djibouti,Mecca,1164
4633,Djibouti,Melbourne,11829
4634,Djibouti,Mexico City,14629
4635,Djibouti,Milan,4952
4636,Djibouti,Montevideo,11569
4637,Djibouti,Moscow,4943
4638,Djibouti,Munich,5011
4639,Djibouti,Nagasaki,9031
4640,Djibouti,Nagoya,9622
4641,Djibouti,Nairobi,1588
4642,Djibouti,Nanjing (Nanking),8005
4643,Djibouti,Naples,4306
4644,Djibouti,New Delhi,4019
4645,Djibouti,Newcastle-on-Tyne,6195
4646,Djibouti,Odessa,4054
4647,Djibouti,Osaka,9506
4648,Djibouti,Oslo,6009
4649,Djibouti,Panama City,13271
4650,Djibouti,Paramaribo,10778
4651,Djibouti,Paris,5589
4652,Djibouti,Perth,9111
4653,Djibouti,Plymouth,6077
4654,Djibouti,Port Moresby,11735
4655,Djibouti,Prague,5023
4656,Djibouti,Rangoon,5723
4657,Djibouti,Reykjavk,7659
4658,Djibouti,Rio de Janeiro,10126
4659,Djibouti,Rome,4498
4660,Djibouti,Salvador,9391
4661,Djibouti,Santiago,12908
4662,Djibouti,St. Petersburg,5487
4663,Djibouti,So Paulo,10471
4664,Djibouti,Shanghai,8255
4665,Djibouti,Singapore,6808
4666,Djibouti,Sofia,3955
4667,Djibouti,Stockholm,5705
4668,Djibouti,Sydney,12366
4669,Djibouti,Tananarive,3408
4670,Djibouti,Teheran,2835
4671,Djibouti,Tokyo,9858
4672,Djibouti,Tripoli,3864
4673,Djibouti,Venice,4763
4674,Djibouti,Veracruz,14394
4675,Djibouti,Vienna,4777
4676,Djibouti,Vladivostok,9051
4677,Djibouti,Warsaw,4942
4678,Djibouti,Wellington,14282
4679,Djibouti,Zrich,5124
4680,Dublin,Aberdeen,497
4681,Dublin,Adelaide,16596
4682,Dublin,Algiers,1969
4683,Dublin,Amsterdam,754
4684,Dublin,Ankara,3287
4685,Dublin,Asuncin,10041
4686,Dublin,Athens,2854
4687,Dublin,Auckland,18182
4688,Dublin,Bangkok,9857
4689,Dublin,Barcelona,1469
4690,Dublin,Beijing,8282
4691,Dublin,Belm,7235
4692,Dublin,Belfast,144
4693,Dublin,Belgrade,2148
4694,Dublin,Berlin,1317
4695,Dublin,Birmingham,308
4696,Dublin,Bogot,8156
4697,Dublin,Bombay,7603
4698,Dublin,Bordeaux,1032
4699,Dublin,Bremen,1001
4700,Dublin,Brisbane,16679
4701,Dublin,Bristol,323
4702,Dublin,Brussels,774
4703,Dublin,Bucharest,2538
4704,Dublin,Budapest,1896
4705,Dublin,Buenos Aires,10988
4706,Dublin,Cairo,3980
4707,Dublin,Calcutta,8311
4708,Dublin,Canton,9724
4709,Dublin,Cape Town,9988
4710,Dublin,Caracas,7159
4711,Dublin,Cayenne,6815
4712,Dublin,Chihuahua,8102
4713,Dublin,Chongqing,8742
4714,Dublin,Copenhagen,1238
4715,Dublin,Crdoba,10955
4716,Dublin,Dakar,4410
4717,Dublin,Darwin,14109
4718,Dublin,Djibouti,6361
4719,Dublin,Dublin,0
4720,Dublin,Durban,9923
4721,Dublin,Edinburgh,349
4722,Dublin,Frankfurt,1086
4723,Dublin,Georgetown,6966
4724,Dublin,Glasgow,306
4725,Dublin,Guatemala City,8330
4726,Dublin,Guayaquil,9129
4727,Dublin,Hamburg,1076
4728,Dublin,Hammerfest,2424
4729,Dublin,Havana,7057
4730,Dublin,Helsinki,2027
4731,Dublin,Hobart,17752
4732,Dublin,Hong Kong,9848
4733,Dublin,Iquique,10196
4734,Dublin,Irkutsk,6608
4735,Dublin,Jakarta,12082
4736,Dublin,Johannesburg,9443
4737,Dublin,Kingston,7128
4738,Dublin,Kinshasa,6717
4739,Dublin,Kuala Lumpur,10901
4740,Dublin,La Paz,9748
4741,Dublin,Leeds,317
4742,Dublin,Lima,9845
4743,Dublin,Lisbon,1638
4744,Dublin,Liverpool,215
4745,Dublin,London,463
4746,Dublin,Lyons,1159
4747,Dublin,Madrid,1447
4748,Dublin,Manchester,265
4749,Dublin,Manila,10950
4750,Dublin,Marseilles,1399
4751,Dublin,Mazatln,8600
4752,Dublin,Mecca,5245
4753,Dublin,Melbourne,17216
4754,Dublin,Mexico City,8471
4755,Dublin,Milan,1413
4756,Dublin,Montevideo,10923
4757,Dublin,Moscow,2793
4758,Dublin,Munich,1376
4759,Dublin,Nagasaki,9546
4760,Dublin,Nagoya,9558
4761,Dublin,Nairobi,7277
4762,Dublin,Nanjing (Nanking),9148
4763,Dublin,Naples,2069
4764,Dublin,New Delhi,7079
4765,Dublin,Newcastle-on-Tyne,352
4766,Dublin,Odessa,2727
4767,Dublin,Osaka,9571
4768,Dublin,Oslo,1265
4769,Dublin,Panama City,8101
4770,Dublin,Paramaribo,6889
4771,Dublin,Paris,782
4772,Dublin,Perth,14892
4773,Dublin,Plymouth,356
4774,Dublin,Port Moresby,14582
4775,Dublin,Prague,1464
4776,Dublin,Rangoon,9298
4777,Dublin,Reykjavk,1490
4778,Dublin,Rio de Janeiro,9198
4779,Dublin,Rome,1881
4780,Dublin,Salvador,7979
4781,Dublin,Santiago,11472
4782,Dublin,St. Petersburg,2318
4783,Dublin,So Paulo,9383
4784,Dublin,Shanghai,9353
4785,Dublin,Singapore,11216
4786,Dublin,Sofia,2475
4787,Dublin,Stockholm,1626
4788,Dublin,Sydney,17216
4789,Dublin,Tananarive,9530
4790,Dublin,Teheran,4836
4791,Dublin,Tokyo,9590
4792,Dublin,Tripoli,2742
4793,Dublin,Venice,1599
4794,Dublin,Veracruz,8304
4795,Dublin,Vienna,1677
4796,Dublin,Vladivostok,8569
4797,Dublin,Warsaw,1825
4798,Dublin,Wellington,18672
4799,Dublin,Zrich,1237
4800,Durban,Aberdeen,10162
4801,Durban,Adelaide,9568
4802,Durban,Algiers,7967
4803,Durban,Amsterdam,9489
4804,Durban,Ankara,7764
4805,Durban,Asuncin,8513
4806,Durban,Athens,7581
4807,Durban,Auckland,11691
4808,Durban,Bangkok,8887
4809,Durban,Barcelona,8456
4810,Durban,Beijing,11735
4811,Durban,Belm,8901
4812,Durban,Belfast,10034
4813,Durban,Belgrade,8377
4814,Durban,Berlin,9316
4815,Durban,Birmingham,9690
4816,Durban,Bogot,11716
4817,Durban,Bombay,7049
4818,Durban,Bordeaux,8896
4819,Durban,Bremen,9469
4820,Durban,Brisbane,11163
4821,Durban,Bristol,9619
4822,Durban,Brussels,9349
4823,Durban,Bucharest,8275
4824,Durban,Budapest,8685
4825,Durban,Buenos Aires,8118
4826,Durban,Cairo,6662
4827,Durban,Calcutta,8471
4828,Durban,Canton,10579
4829,Durban,Cape Town,1262
4830,Durban,Caracas,11342
4831,Durban,Cayenne,9620
4832,Durban,Chihuahua,15862
4833,Durban,Chongqing,10397
4834,Durban,Copenhagen,9670
4835,Durban,Crdoba,8757
4836,Durban,Dakar,7166
4837,Durban,Darwin,10255
4838,Durban,Djibouti,4782
4839,Durban,Dublin,9923
4840,Durban,Durban,0
4841,Durban,Edinburgh,10071
4842,Durban,Frankfurt,9161
4843,Durban,Georgetown,10297
4844,Durban,Glasgow,10096
4845,Durban,Guatemala City,13816
4846,Durban,Guayaquil,11875
4847,Durban,Hamburg,9493
4848,Durban,Hammerfest,11191
4849,Durban,Havana,13422
4850,Durban,Helsinki,10027
4851,Durban,Hobart,9650
4852,Durban,Hong Kong,10618
4853,Durban,Iquique,9902
4854,Durban,Irkutsk,11584
4855,Durban,Jakarta,8304
4856,Durban,Johannesburg,494
4857,Durban,Kingston,12661
4858,Durban,Kinshasa,3283
4859,Durban,Kuala Lumpur,8350
4860,Durban,La Paz,9960
4861,Durban,Leeds,9808
4862,Durban,Lima,11013
4863,Durban,Lisbon,8684
4864,Durban,Liverpool,9823
4865,Durban,London,9546
4866,Durban,Lyons,8811
4867,Durban,Madrid,8593
4868,Durban,Manchester,9807
4869,Durban,Manila,10815
4870,Durban,Marseilles,8548
4871,Durban,Mazatln,15727
4872,Durban,Mecca,5789
4873,Durban,Melbourne,9844
4874,Durban,Mexico City,14870
4875,Durban,Milan,8659
4876,Durban,Montevideo,7921
4877,Durban,Moscow,9543
4878,Durban,Munich,8886
4879,Durban,Nagasaki,12523
4880,Durban,Nagoya,13216
4881,Durban,Nairobi,3228
4882,Durban,Nanjing (Nanking),11543
4883,Durban,Naples,8047
4884,Durban,New Delhi,8149
4885,Durban,Newcastle-on-Tyne,9932
4886,Durban,Odessa,8487
4887,Durban,Osaka,13072
4888,Durban,Oslo,10158
4889,Durban,Panama City,12466
4890,Durban,Paramaribo,9954
4891,Durban,Paris,9197
4892,Durban,Perth,7878
4893,Durban,Plymouth,9569
4894,Durban,Port Moresby,11927
4895,Durban,Prague,9038
4896,Durban,Rangoon,8692
4897,Durban,Reykjavk,11414
4898,Durban,Rio de Janeiro,7293
4899,Durban,Rome,8202
4900,Durban,Salvador,7317
4901,Durban,Santiago,9184
4902,Durban,St. Petersburg,9987
4903,Durban,So Paulo,7577
4904,Durban,Shanghai,11718
4905,Durban,Singapore,8448
4906,Durban,Sofia,8104
4907,Durban,Stockholm,9985
4908,Durban,Sydney,10530
4909,Durban,Tananarive,2083
4910,Durban,Teheran,7617
4911,Durban,Tokyo,13478
4912,Durban,Tripoli,7230
4913,Durban,Venice,8582
4914,Durban,Veracruz,14574
4915,Durban,Vienna,8806
4916,Durban,Vladivostok,13072
4917,Durban,Warsaw,9181
4918,Durban,Wellington,11275
4919,Durban,Zrich,8875
4920,Edinburgh,Aberdeen,150
4921,Edinburgh,Adelaide,16303
4922,Edinburgh,Algiers,2171
4923,Edinburgh,Amsterdam,655
4924,Edinburgh,Ankara,3169
4925,Edinburgh,Asuncin,10383
4926,Edinburgh,Athens,2820
4927,Edinburgh,Auckland,17891
4928,Edinburgh,Bangkok,9572
4929,Edinburgh,Barcelona,1661
4930,Edinburgh,Beijing,7937
4931,Edinburgh,Belm,7574
4932,Edinburgh,Belfast,227
4933,Edinburgh,Belgrade,2064
4934,Edinburgh,Berlin,1140
4935,Edinburgh,Birmingham,397
4936,Edinburgh,Bogot,8420
4937,Edinburgh,Bombay,7398
4938,Edinburgh,Bordeaux,1246
4939,Edinburgh,Bremen,834
4940,Edinburgh,Brisbane,16331
4941,Edinburgh,Bristol,496
4942,Edinburgh,Brussels,750
4943,Edinburgh,Bucharest,2419
4944,Edinburgh,Budapest,1784
4945,Edinburgh,Buenos Aires,11334
4946,Edinburgh,Cairo,3945
4947,Edinburgh,Calcutta,8041
4948,Edinburgh,Canton,9395
4949,Edinburgh,Cape Town,10195
4950,Edinburgh,Caracas,7433
4951,Edinburgh,Cayenne,7140
4952,Edinburgh,Chihuahua,8154
4953,Edinburgh,Chongqing,8417
4954,Edinburgh,Copenhagen,981
4955,Edinburgh,Crdoba,11294
4956,Edinburgh,Dakar,4746
4957,Edinburgh,Darwin,13786
4958,Edinburgh,Djibouti,6334
4959,Edinburgh,Dublin,349
4960,Edinburgh,Durban,10071
4961,Edinburgh,Edinburgh,0
4962,Edinburgh,Frankfurt,1019
4963,Edinburgh,Georgetown,7274
4964,Edinburgh,Glasgow,68
4965,Edinburgh,Guatemala City,8502
4966,Edinburgh,Guayaquil,9389
4967,Edinburgh,Hamburg,885
4968,Edinburgh,Hammerfest,2078
4969,Edinburgh,Havana,7233
4970,Edinburgh,Helsinki,1709
4971,Edinburgh,Hobart,17463
4972,Edinburgh,Hong Kong,9519
4973,Edinburgh,Iquique,10515
4974,Edinburgh,Irkutsk,6263
4975,Edinburgh,Jakarta,11819
4976,Edinburgh,Johannesburg,9597
4977,Edinburgh,Kingston,7345
4978,Edinburgh,Kinshasa,6904
4979,Edinburgh,Kuala Lumpur,10634
4980,Edinburgh,La Paz,10065
4981,Edinburgh,Leeds,263
4982,Edinburgh,Lima,10134
4983,Edinburgh,Lisbon,1961
4984,Edinburgh,Liverpool,278
4985,Edinburgh,London,527
4986,Edinburgh,Lyons,1260
4987,Edinburgh,Madrid,1722
4988,Edinburgh,Manchester,275
4989,Edinburgh,Manila,10617
4990,Edinburgh,Marseilles,1524
4991,Edinburgh,Mazatln,8671
4992,Edinburgh,Mecca,5198
4993,Edinburgh,Melbourne,16910
4994,Edinburgh,Mexico City,8589
4995,Edinburgh,Milan,1447
4996,Edinburgh,Montevideo,11270
4997,Edinburgh,Moscow,2508
4998,Edinburgh,Munich,1324
4999,Edinburgh,Nagasaki,9198
5000,Edinburgh,Nagoya,9210
5001,Edinburgh,Nairobi,7328
5002,Edinburgh,Nanjing (Nanking),8806
5003,Edinburgh,Naples,2101
5004,Edinburgh,New Delhi,6828
5005,Edinburgh,Newcastle-on-Tyne,143
5006,Edinburgh,Odessa,2557
5007,Edinburgh,Osaka,9222
5008,Edinburgh,Oslo,930
5009,Edinburgh,Panama City,8334
5010,Edinburgh,Paramaribo,7206
5011,Edinburgh,Paris,874
5012,Edinburgh,Perth,14677
5013,Edinburgh,Plymouth,614
5014,Edinburgh,Port Moresby,14233
5015,Edinburgh,Prague,1339
5016,Edinburgh,Rangoon,9019
5017,Edinburgh,Reykjavk,1374
5018,Edinburgh,Rio de Janeiro,9547
5019,Edinburgh,Rome,1922
5020,Edinburgh,Salvador,8328
5021,Edinburgh,Santiago,11805
5022,Edinburgh,St. Petersburg,2002
5023,Edinburgh,So Paulo,9732
5024,Edinburgh,Shanghai,9008
5025,Edinburgh,Singapore,10945
5026,Edinburgh,Sofia,2396
5027,Edinburgh,Stockholm,1311
5028,Edinburgh,Sydney,16879
5029,Edinburgh,Tananarive,9571
5030,Edinburgh,Teheran,4649
5031,Edinburgh,Tokyo,9243
5032,Edinburgh,Tripoli,2848
5033,Edinburgh,Venice,1590
5034,Edinburgh,Veracruz,8435
5035,Edinburgh,Vienna,1574
5036,Edinburgh,Vladivostok,8221
5037,Edinburgh,Warsaw,1619
5038,Edinburgh,Wellington,18381
5039,Edinburgh,Zrich,1244
5040,Frankfurt,Aberdeen,1056
5041,Frankfurt,Adelaide,15673
5042,Frankfurt,Algiers,1545
5043,Frankfurt,Amsterdam,364
5044,Frankfurt,Ankara,2202
5045,Frankfurt,Asuncin,10611
5046,Frankfurt,Athens,1801
5047,Frankfurt,Auckland,18168
5048,Frankfurt,Bangkok,8966
5049,Frankfurt,Barcelona,1094
5050,Frankfurt,Beijing,7779
5051,Frankfurt,Belm,7879
5052,Frankfurt,Belfast,1108
5053,Frankfurt,Belgrade,1062
5054,Frankfurt,Berlin,422
5055,Frankfurt,Birmingham,779
5056,Frankfurt,Bogot,9117
5057,Frankfurt,Bombay,6564
5058,Frankfurt,Bordeaux,906
5059,Frankfurt,Bremen,330
5060,Frankfurt,Brisbane,16098
5061,Frankfurt,Bristol,805
5062,Frankfurt,Brussels,316
5063,Frankfurt,Bucharest,1455
5064,Frankfurt,Budapest,814
5065,Frankfurt,Buenos Aires,11484
5066,Frankfurt,Cairo,2926
5067,Frankfurt,Calcutta,7384
5068,Frankfurt,Canton,9029
5069,Frankfurt,Cape Town,9392
5070,Frankfurt,Caracas,8099
5071,Frankfurt,Cayenne,7562
5072,Frankfurt,Chihuahua,9165
5073,Frankfurt,Chongqing,8035
5074,Frankfurt,Copenhagen,669
5075,Frankfurt,Crdoba,11546
5076,Frankfurt,Dakar,4593
5077,Frankfurt,Darwin,13335
5078,Frankfurt,Djibouti,5315
5079,Frankfurt,Dublin,1086
5080,Frankfurt,Durban,9161
5081,Frankfurt,Edinburgh,1019
5082,Frankfurt,Frankfurt,0
5083,Frankfurt,Georgetown,7799
5084,Frankfurt,Glasgow,1071
5085,Frankfurt,Guatemala City,9404
5086,Frankfurt,Guayaquil,10093
5087,Frankfurt,Hamburg,392
5088,Frankfurt,Hammerfest,2408
5089,Frankfurt,Havana,8129
5090,Frankfurt,Helsinki,1516
5091,Frankfurt,Hobart,16792
5092,Frankfurt,Hong Kong,9157
5093,Frankfurt,Iquique,10951
5094,Frankfurt,Irkutsk,6140
5095,Frankfurt,Jakarta,11120
5096,Frankfurt,Johannesburg,8699
5097,Frankfurt,Kingston,8167
5098,Frankfurt,Kinshasa,6083
5099,Frankfurt,Kuala Lumpur,9954
5100,Frankfurt,La Paz,10514
5101,Frankfurt,Leeds,805
5102,Frankfurt,Lima,10727
5103,Frankfurt,Lisbon,1890
5104,Frankfurt,Liverpool,882
5105,Frankfurt,London,635
5106,Frankfurt,Lyons,563
5107,Frankfurt,Madrid,1444
5108,Frankfurt,Manchester,839
5109,Frankfurt,Manila,10274
5110,Frankfurt,Marseilles,796
5111,Frankfurt,Mazatln,9674
5112,Frankfurt,Mecca,4182
5113,Frankfurt,Melbourne,16319
5114,Frankfurt,Mexico City,9558
5115,Frankfurt,Milan,520
5116,Frankfurt,Montevideo,11390
5117,Frankfurt,Moscow,2019
5118,Frankfurt,Munich,305
5119,Frankfurt,Nagasaki,9138
5120,Frankfurt,Nagoya,9262
5121,Frankfurt,Nairobi,6329
5122,Frankfurt,Nanjing (Nanking),8597
5123,Frankfurt,Naples,1119
5124,Frankfurt,New Delhi,6117
5125,Frankfurt,Newcastle-on-Tyne,879
5126,Frankfurt,Odessa,1679
5127,Frankfurt,Osaka,9251
5128,Frankfurt,Oslo,1100
5129,Frankfurt,Panama City,9117
5130,Frankfurt,Paramaribo,7680
5131,Frankfurt,Paris,481
5132,Frankfurt,Perth,13846
5133,Frankfurt,Plymouth,906
5134,Frankfurt,Port Moresby,14099
5135,Frankfurt,Prague,410
5136,Frankfurt,Rangoon,8391
5137,Frankfurt,Reykjavk,2374
5138,Frankfurt,Rio de Janeiro,9591
5139,Frankfurt,Rome,958
5140,Frankfurt,Salvador,8375
5141,Frankfurt,Santiago,12116
5142,Frankfurt,St. Petersburg,1744
5143,Frankfurt,So Paulo,9820
5144,Frankfurt,Shanghai,8824
5145,Frankfurt,Singapore,10274
5146,Frankfurt,Sofia,1391
5147,Frankfurt,Stockholm,1181
5148,Frankfurt,Sydney,16478
5149,Frankfurt,Tananarive,8562
5150,Frankfurt,Teheran,3786
5151,Frankfurt,Tokyo,9336
5152,Frankfurt,Tripoli,1944
5153,Frankfurt,Venice,587
5154,Frankfurt,Veracruz,9390
5155,Frankfurt,Vienna,593
5156,Frankfurt,Vladivostok,8278
5157,Frankfurt,Warsaw,889
5158,Frankfurt,Wellington,18559
5159,Frankfurt,Zrich,307
5160,Georgetown,Aberdeen,7391
5161,Georgetown,Adelaide,16439
5162,Georgetown,Algiers,7014
5163,Georgetown,Amsterdam,7612
5164,Georgetown,Ankara,9625
5165,Georgetown,Asuncin,3558
5166,Georgetown,Athens,8843
5167,Georgetown,Auckland,13707
5168,Georgetown,Bangkok,16744
5169,Georgetown,Barcelona,7064
5170,Georgetown,Beijing,14797
5171,Georgetown,Belm,1417
5172,Georgetown,Belfast,7052
5173,Georgetown,Belgrade,8595
5174,Georgetown,Berlin,8176
5175,Georgetown,Birmingham,7183
5176,Georgetown,Bogot,1787
5177,Georgetown,Bombay,13936
5178,Georgetown,Bordeaux,6970
5179,Georgetown,Bremen,7889
5180,Georgetown,Brisbane,15983
5181,Georgetown,Bristol,7098
5182,Georgetown,Brussels,7528
5183,Georgetown,Bucharest,9036
5184,Georgetown,Budapest,8504
5185,Georgetown,Buenos Aires,4596
5186,Georgetown,Cairo,9594
5187,Georgetown,Calcutta,15136
5188,Georgetown,Canton,16567
5189,Georgetown,Cape Town,9208
5190,Georgetown,Caracas,1050
5191,Georgetown,Cayenne,692
5192,Georgetown,Chihuahua,5570
5193,Georgetown,Chongqing,15642
5194,Georgetown,Copenhagen,8192
5195,Georgetown,Crdoba,4295
5196,Georgetown,Dakar,4534
5197,Georgetown,Darwin,18832
5198,Georgetown,Djibouti,11078
5199,Georgetown,Dublin,6966
5200,Georgetown,Durban,10297
5201,Georgetown,Edinburgh,7274
5202,Georgetown,Frankfurt,7799
5203,Georgetown,Georgetown,0
5204,Georgetown,Glasgow,7210
5205,Georgetown,Guatemala City,3627
5206,Georgetown,Guayaquil,2602
5207,Georgetown,Hamburg,7980
5208,Georgetown,Hammerfest,9000
5209,Georgetown,Havana,3158
5210,Georgetown,Helsinki,8983
5211,Georgetown,Hobart,15282
5212,Georgetown,Hong Kong,16677
5213,Georgetown,Iquique,3262
5214,Georgetown,Irkutsk,13223
5215,Georgetown,Jakarta,18362
5216,Georgetown,Johannesburg,9973
5217,Georgetown,Kingston,2368
5218,Georgetown,Kinshasa,8253
5219,Georgetown,Kuala Lumpur,17532
5220,Georgetown,La Paz,2809
5221,Georgetown,Leeds,7268
5222,Georgetown,Lima,2942
5223,Georgetown,Lisbon,6059
5224,Georgetown,Liverpool,7163
5225,Georgetown,London,7261
5226,Georgetown,Lyons,7400
5227,Georgetown,Madrid,6563
5228,Georgetown,Manchester,7212
5229,Georgetown,Manila,17641
5230,Georgetown,Marseilles,7371
5231,Georgetown,Mazatln,5456
5232,Georgetown,Mecca,10553
5233,Georgetown,Melbourne,15844
5234,Georgetown,Mexico City,4630
5235,Georgetown,Milan,7720
5236,Georgetown,Montevideo,4634
5237,Georgetown,Moscow,9751
5238,Georgetown,Munich,7959
5239,Georgetown,Nagasaki,15532
5240,Georgetown,Nagoya,15095
5241,Georgetown,Nairobi,10596
5242,Georgetown,Nanjing (Nanking),15690
5243,Georgetown,Naples,8047
5244,Georgetown,New Delhi,13834
5245,Georgetown,Newcastle-on-Tyne,7317
5246,Georgetown,Odessa,9391
5247,Georgetown,Osaka,15202
5248,Georgetown,Oslo,8197
5249,Georgetown,Panama City,2356
5250,Georgetown,Paramaribo,349
5251,Georgetown,Paris,7318
5252,Georgetown,Perth,17147
5253,Georgetown,Plymouth,6954
5254,Georgetown,Port Moresby,17205
5255,Georgetown,Prague,8200
5256,Georgetown,Rangoon,16156
5257,Georgetown,Reykjavk,6992
5258,Georgetown,Rio de Janeiro,3685
5259,Georgetown,Rome,7913
5260,Georgetown,Salvador,3094
5261,Georgetown,Santiago,4662
5262,Georgetown,St. Petersburg,9277
5263,Georgetown,So Paulo,3598
5264,Georgetown,Shanghai,15798
5265,Georgetown,Singapore,17846
5266,Georgetown,Sofia,8812
5267,Georgetown,Stockholm,8586
5268,Georgetown,Sydney,15748
5269,Georgetown,Tananarive,11907
5270,Georgetown,Teheran,11335
5271,Georgetown,Tokyo,14936
5272,Georgetown,Tripoli,7871
5273,Georgetown,Venice,7963
5274,Georgetown,Veracruz,4321
5275,Georgetown,Vienna,8308
5276,Georgetown,Vladivostok,14368
5277,Georgetown,Warsaw,8683
5278,Georgetown,Wellington,13538
5279,Georgetown,Zrich,7716
5280,Glasgow,Aberdeen,195
5281,Glasgow,Adelaide,16368
5282,Glasgow,Algiers,2181
5283,Glasgow,Amsterdam,708
5284,Glasgow,Ankara,3230
5285,Glasgow,Asuncin,10327
5286,Glasgow,Athens,2872
5287,Glasgow,Auckland,17904
5288,Glasgow,Bangkok,9639
5289,Glasgow,Barcelona,1672
5290,Glasgow,Beijing,7991
5291,Glasgow,Belm,7516
5292,Glasgow,Belfast,172
5293,Glasgow,Belgrade,2121
5294,Glasgow,Berlin,1204
5295,Glasgow,Birmingham,409
5296,Glasgow,Bogot,8352
5297,Glasgow,Bombay,7466
5298,Glasgow,Bordeaux,1251
5299,Glasgow,Bremen,896
5300,Glasgow,Brisbane,16381
5301,Glasgow,Bristol,497
5302,Glasgow,Brussels,793
5303,Glasgow,Bucharest,2480
5304,Glasgow,Budapest,1843
5305,Glasgow,Buenos Aires,11281
5306,Glasgow,Cairo,3998
5307,Glasgow,Calcutta,8109
5308,Glasgow,Canton,9456
5309,Glasgow,Cape Town,10208
5310,Glasgow,Caracas,7365
5311,Glasgow,Cayenne,7079
5312,Glasgow,Chihuahua,8098
5313,Glasgow,Chongqing,8479
5314,Glasgow,Copenhagen,1049
5315,Glasgow,Crdoba,11237
5316,Glasgow,Dakar,4715
5317,Glasgow,Darwin,13848
5318,Glasgow,Djibouti,6387
5319,Glasgow,Dublin,306
5320,Glasgow,Durban,10096
5321,Glasgow,Edinburgh,68
5322,Glasgow,Frankfurt,1071
5323,Glasgow,Georgetown,7210
5324,Glasgow,Glasgow,0
5325,Glasgow,Guatemala City,8435
5326,Glasgow,Guayaquil,9321
5327,Glasgow,Hamburg,950
5328,Glasgow,Hammerfest,2118
5329,Glasgow,Havana,7166
5330,Glasgow,Helsinki,1773
5331,Glasgow,Hobart,17529
5332,Glasgow,Hong Kong,9579
5333,Glasgow,Iquique,10452
5334,Glasgow,Irkutsk,6316
5335,Glasgow,Jakarta,11887
5336,Glasgow,Johannesburg,9621
5337,Glasgow,Kingston,7277
5338,Glasgow,Kinshasa,6920
5339,Glasgow,Kuala Lumpur,10702
5340,Glasgow,La Paz,10002
5341,Glasgow,Leeds,291
5342,Glasgow,Lima,10067
5343,Glasgow,Lisbon,1935
5344,Glasgow,Liverpool,280
5345,Glasgow,London,551
5346,Glasgow,Lyons,1287
5347,Glasgow,Madrid,1712
5348,Glasgow,Manchester,289
5349,Glasgow,Manila,10677
5350,Glasgow,Marseilles,1548
5351,Glasgow,Mazatln,8612
5352,Glasgow,Mecca,5252
5353,Glasgow,Melbourne,16974
5354,Glasgow,Mexico City,8526
5355,Glasgow,Milan,1487
5356,Glasgow,Montevideo,11219
5357,Glasgow,Moscow,2575
5358,Glasgow,Munich,1376
5359,Glasgow,Nagasaki,9246
5360,Glasgow,Nagoya,9253
5361,Glasgow,Nairobi,7370
5362,Glasgow,Nanjing (Nanking),8861
5363,Glasgow,Naples,2142
5364,Glasgow,New Delhi,6896
5365,Glasgow,Newcastle-on-Tyne,192
5366,Glasgow,Odessa,2622
5367,Glasgow,Osaka,9267
5368,Glasgow,Oslo,992
5369,Glasgow,Panama City,8266
5370,Glasgow,Paramaribo,7143
5371,Glasgow,Paris,900
5372,Glasgow,Perth,14745
5373,Glasgow,Plymouth,602
5374,Glasgow,Port Moresby,14282
5375,Glasgow,Prague,1399
5376,Glasgow,Rangoon,9087
5377,Glasgow,Reykjavk,1337
5378,Glasgow,Rio de Janeiro,9500
5379,Glasgow,Rome,1962
5380,Glasgow,Salvador,8282
5381,Glasgow,Santiago,11745
5382,Glasgow,St. Petersburg,2067
5383,Glasgow,So Paulo,9682
5384,Glasgow,Shanghai,9063
5385,Glasgow,Singapore,11013
5386,Glasgow,Sofia,2453
5387,Glasgow,Stockholm,1377
5388,Glasgow,Sydney,16936
5389,Glasgow,Tananarive,9614
5390,Glasgow,Teheran,4716
5391,Glasgow,Tokyo,9284
5392,Glasgow,Tripoli,2879
5393,Glasgow,Venice,1636
5394,Glasgow,Veracruz,8371
5395,Glasgow,Vienna,1632
5396,Glasgow,Vladivostok,8264
5397,Glasgow,Warsaw,1686
5398,Glasgow,Wellington,18395
5399,Glasgow,Zrich,1287
5400,Guatemala City,Aberdeen,8548
5401,Guatemala City,Adelaide,14631
5402,Guatemala City,Algiers,9345
5403,Guatemala City,Amsterdam,9085
5404,Guatemala City,Ankara,11597
5405,Guatemala City,Asuncin,5685
5406,Guatemala City,Athens,11017
5407,Guatemala City,Auckland,11389
5408,Guatemala City,Bangkok,16635
5409,Guatemala City,Barcelona,9157
5410,Guatemala City,Beijing,13341
5411,Guatemala City,Belm,4959
5412,Guatemala City,Belfast,8340
5413,Guatemala City,Belgrade,10443
5414,Guatemala City,Berlin,9635
5415,Guatemala City,Birmingham,8630
5416,Guatemala City,Bogot,2104
5417,Guatemala City,Bombay,15854
5418,Guatemala City,Bordeaux,8867
5419,Guatemala City,Bremen,9321
5420,Guatemala City,Brisbane,13324
5421,Guatemala City,Bristol,8599
5422,Guatemala City,Brussels,9088
5423,Guatemala City,Bucharest,10858
5424,Guatemala City,Budapest,10219
5425,Guatemala City,Buenos Aires,6439
5426,Guatemala City,Cairo,12055
5427,Guatemala City,Calcutta,15878
5428,Guatemala City,Canton,15086
5429,Guatemala City,Cape Town,12634
5430,Guatemala City,Caracas,2588
5431,Guatemala City,Cayenne,4320
5432,Guatemala City,Chihuahua,2234
5433,Guatemala City,Chongqing,14750
5434,Guatemala City,Copenhagen,9466
5435,Guatemala City,Crdoba,5844
5436,Guatemala City,Dakar,7818
5437,Guatemala City,Darwin,15542
5438,Guatemala City,Djibouti,14132
5439,Guatemala City,Dublin,8330
5440,Guatemala City,Durban,13816
5441,Guatemala City,Edinburgh,8502
5442,Guatemala City,Frankfurt,9404
5443,Guatemala City,Georgetown,3627
5444,Guatemala City,Glasgow,8435
5445,Guatemala City,Guatemala City,0
5446,Guatemala City,Guayaquil,2200
5447,Guatemala City,Hamburg,9383
5448,Guatemala City,Hammerfest,9325
5449,Guatemala City,Havana,1275
5450,Guatemala City,Helsinki,9933
5451,Guatemala City,Hobart,13712
5452,Guatemala City,Hong Kong,15103
5453,Guatemala City,Iquique,4464
5454,Guatemala City,Irkutsk,12416
5455,Guatemala City,Jakarta,17907
5456,Guatemala City,Johannesburg,13542
5457,Guatemala City,Kingston,1508
5458,Guatemala City,Kinshasa,11826
5459,Guatemala City,Kuala Lumpur,17626
5460,Guatemala City,La Paz,4224
5461,Guatemala City,Leeds,8637
5462,Guatemala City,Lima,3311
5463,Guatemala City,Lisbon,8257
5464,Guatemala City,Liverpool,8544
5465,Guatemala City,London,8769
5466,Guatemala City,Lyons,9255
5467,Guatemala City,Madrid,8694
5468,Guatemala City,Manchester,8592
5469,Guatemala City,Manila,15269
5470,Guatemala City,Marseilles,9360
5471,Guatemala City,Mazatln,1923
5472,Guatemala City,Mecca,13266
5473,Guatemala City,Melbourne,14011
5474,Guatemala City,Mexico City,1059
5475,Guatemala City,Milan,9588
5476,Guatemala City,Montevideo,6590
5477,Guatemala City,Moscow,10822
5478,Guatemala City,Munich,9672
5479,Guatemala City,Nagasaki,13212
5480,Guatemala City,Nagoya,12560
5481,Guatemala City,Nairobi,14061
5482,Guatemala City,Nanjing (Nanking),13954
5483,Guatemala City,Naples,10145
5484,Guatemala City,New Delhi,15033
5485,Guatemala City,Newcastle-on-Tyne,8612
5486,Guatemala City,Odessa,11054
5487,Guatemala City,Osaka,12702
5488,Guatemala City,Oslo,9214
5489,Guatemala City,Panama City,1349
5490,Guatemala City,Paramaribo,3977
5491,Guatemala City,Paris,8995
5492,Guatemala City,Perth,16718
5493,Guatemala City,Plymouth,8510
5494,Guatemala City,Port Moresby,13733
5495,Guatemala City,Prague,9794
5496,Guatemala City,Rangoon,16445
5497,Guatemala City,Reykjavk,7512
5498,Guatemala City,Rio de Janeiro,6629
5499,Guatemala City,Rome,9963
5500,Guatemala City,Salvador,6499
5501,Guatemala City,Santiago,5743
5502,Guatemala City,St. Petersburg,10198
5503,Guatemala City,So Paulo,6391
5504,Guatemala City,Shanghai,13884
5505,Guatemala City,Singapore,17642
5506,Guatemala City,Sofia,10752
5507,Guatemala City,Stockholm,9627
5508,Guatemala City,Sydney,13519
5509,Guatemala City,Tananarive,15534
5510,Guatemala City,Teheran,13151
5511,Guatemala City,Tokyo,12322
5512,Guatemala City,Tripoli,10359
5513,Guatemala City,Venice,9824
5514,Guatemala City,Veracruz,785
5515,Guatemala City,Vienna,9998
5516,Guatemala City,Vladivostok,12269
5517,Guatemala City,Warsaw,10121
5518,Guatemala City,Wellington,11460
5519,Guatemala City,Zrich,9480
5520,Guayaquil,Aberdeen,9478
5521,Guayaquil,Adelaide,14262
5522,Guayaquil,Algiers,9524
5523,Guayaquil,Amsterdam,9847
5524,Guayaquil,Ankara,12095
5525,Guayaquil,Asuncin,3503
5526,Guayaquil,Athens,11350
5527,Guayaquil,Auckland,11215
5528,Guayaquil,Bangkok,18726
5529,Guayaquil,Barcelona,9508
5530,Guayaquil,Beijing,15504
5531,Guayaquil,Belm,3496
5532,Guayaquil,Belfast,9185
5533,Guayaquil,Belgrade,11001
5534,Guayaquil,Berlin,10425
5535,Guayaquil,Birmingham,9391
5536,Guayaquil,Bogot,976
5537,Guayaquil,Bombay,16506
5538,Guayaquil,Bordeaux,9346
5539,Guayaquil,Bremen,10116
5540,Guayaquil,Brisbane,13456
5541,Guayaquil,Bristol,9326
5542,Guayaquil,Brussels,9795
5543,Guayaquil,Bucharest,11445
5544,Guayaquil,Budapest,10861
5545,Guayaquil,Buenos Aires,4240
5546,Guayaquil,Cairo,12170
5547,Guayaquil,Calcutta,17420
5548,Guayaquil,Canton,17286
5549,Guayaquil,Cape Town,10636
5550,Guayaquil,Caracas,2002
5551,Guayaquil,Cayenne,3166
5552,Guayaquil,Chihuahua,4415
5553,Guayaquil,Chongqing,16870
5554,Guayaquil,Copenhagen,10363
5555,Guayaquil,Crdoba,3653
5556,Guayaquil,Dakar,7123
5557,Guayaquil,Darwin,16246
5558,Guayaquil,Djibouti,13646
5559,Guayaquil,Dublin,9129
5560,Guayaquil,Durban,11875
5561,Guayaquil,Edinburgh,9389
5562,Guayaquil,Frankfurt,10093
5563,Guayaquil,Georgetown,2602
5564,Guayaquil,Glasgow,9321
5565,Guayaquil,Guatemala City,2200
5566,Guayaquil,Guayaquil,0
5567,Guayaquil,Hamburg,10199
5568,Guayaquil,Hammerfest,10731
5569,Guayaquil,Havana,2825
5570,Guayaquil,Helsinki,11037
5571,Guayaquil,Hobart,13135
5572,Guayaquil,Hong Kong,17303
5573,Guayaquil,Iquique,2267
5574,Guayaquil,Irkutsk,14404
5575,Guayaquil,Jakarta,18815
5576,Guayaquil,Johannesburg,11685
5577,Guayaquil,Kingston,2266
5578,Guayaquil,Kinshasa,10567
5579,Guayaquil,Kuala Lumpur,19804
5580,Guayaquil,La Paz,2030
5581,Guayaquil,Leeds,9446
5582,Guayaquil,Lima,1139
5583,Guayaquil,Lisbon,8509
5584,Guayaquil,Liverpool,9341
5585,Guayaquil,London,9497
5586,Guayaquil,Lyons,9774
5587,Guayaquil,Madrid,9006
5588,Guayaquil,Manchester,9392
5589,Guayaquil,Manila,17339
5590,Guayaquil,Marseilles,9790
5591,Guayaquil,Mazatln,4022
5592,Guayaquil,Mecca,13156
5593,Guayaquil,Melbourne,13613
5594,Guayaquil,Mexico City,3187
5595,Guayaquil,Milan,10109
5596,Guayaquil,Montevideo,4390
5597,Guayaquil,Moscow,11890
5598,Guayaquil,Munich,10299
5599,Guayaquil,Nagasaki,15398
5600,Guayaquil,Nagoya,14734
5601,Guayaquil,Nairobi,12983
5602,Guayaquil,Nanjing (Nanking),16152
5603,Guayaquil,Naples,10516
5604,Guayaquil,New Delhi,16207
5605,Guayaquil,Newcastle-on-Tyne,9464
5606,Guayaquil,Odessa,11756
5607,Guayaquil,Osaka,14878
5608,Guayaquil,Oslo,10251
5609,Guayaquil,Panama City,1238
5610,Guayaquil,Paramaribo,2878
5611,Guayaquil,Paris,9624
5612,Guayaquil,Perth,15871
5613,Guayaquil,Plymouth,9199
5614,Guayaquil,Port Moresby,14644
5615,Guayaquil,Prague,10503
5616,Guayaquil,Rangoon,18324
5617,Guayaquil,Reykjavk,8739
5618,Guayaquil,Rio de Janeiro,4583
5619,Guayaquil,Rome,10365
5620,Guayaquil,Salvador,4718
5621,Guayaquil,Santiago,3609
5622,Guayaquil,St. Petersburg,11328
5623,Guayaquil,So Paulo,4308
5624,Guayaquil,Shanghai,16084
5625,Guayaquil,Singapore,19574
5626,Guayaquil,Sofia,11252
5627,Guayaquil,Stockholm,10667
5628,Guayaquil,Sydney,13350
5629,Guayaquil,Tananarive,13820
5630,Guayaquil,Teheran,13805
5631,Guayaquil,Tokyo,14488
5632,Guayaquil,Tripoli,10430
5633,Guayaquil,Venice,10356
5634,Guayaquil,Veracruz,2962
5635,Guayaquil,Vienna,10651
5636,Guayaquil,Vladivostok,14468
5637,Guayaquil,Warsaw,10940
5638,Guayaquil,Wellington,11115
5639,Guayaquil,Zrich,10068
5640,Hamburg,Aberdeen,866
5641,Hamburg,Adelaide,15548
5642,Hamburg,Algiers,1936
5643,Hamburg,Amsterdam,369
5644,Hamburg,Ankara,2292
5645,Hamburg,Asuncin,10897
5646,Hamburg,Athens,2024
5647,Hamburg,Auckland,17817
5648,Hamburg,Bangkok,8812
5649,Hamburg,Barcelona,1474
5650,Hamburg,Beijing,7471
5651,Hamburg,Belm,8135
5652,Hamburg,Belfast,1045
5653,Hamburg,Belgrade,1227
5654,Hamburg,Berlin,254
5655,Hamburg,Birmingham,808
5656,Hamburg,Bogot,9224
5657,Hamburg,Bombay,6531
5658,Hamburg,Bordeaux,1233
5659,Hamburg,Bremen,96
5660,Hamburg,Brisbane,15838
5661,Hamburg,Bristol,883
5662,Hamburg,Brussels,487
5663,Hamburg,Bucharest,1545
5664,Hamburg,Budapest,926
5665,Hamburg,Buenos Aires,11792
5666,Hamburg,Cairo,3129
5667,Hamburg,Calcutta,7250
5668,Hamburg,Canton,8783
5669,Hamburg,Cape Town,9759
5670,Hamburg,Caracas,8220
5671,Hamburg,Cayenne,7780
5672,Hamburg,Chihuahua,9011
5673,Hamburg,Chongqing,7792
5674,Hamburg,Copenhagen,286
5675,Hamburg,Crdoba,11828
5676,Hamburg,Dakar,4946
5677,Hamburg,Darwin,13130
5678,Hamburg,Djibouti,5511
5679,Hamburg,Dublin,1076
5680,Hamburg,Durban,9493
5681,Hamburg,Edinburgh,885
5682,Hamburg,Frankfurt,392
5683,Hamburg,Georgetown,7980
5684,Hamburg,Glasgow,950
5685,Hamburg,Guatemala City,9383
5686,Hamburg,Guayaquil,10199
5687,Hamburg,Hamburg,0
5688,Hamburg,Hammerfest,2015
5689,Hamburg,Havana,8113
5690,Hamburg,Helsinki,1165
5691,Hamburg,Hobart,16693
5692,Hamburg,Hong Kong,8910
5693,Hamburg,Iquique,11172
5694,Hamburg,Irkutsk,5819
5695,Hamburg,Jakarta,11014
5696,Hamburg,Johannesburg,9036
5697,Hamburg,Kingston,8203
5698,Hamburg,Kinshasa,6451
5699,Hamburg,Kuala Lumpur,9837
5700,Hamburg,La Paz,10730
5701,Hamburg,Leeds,759
5702,Hamburg,Lima,10886
5703,Hamburg,Lisbon,2199
5704,Hamburg,Liverpool,861
5705,Hamburg,London,719
5706,Hamburg,Lyons,944
5707,Hamburg,Madrid,1785
5708,Hamburg,Manchester,810
5709,Hamburg,Manila,10025
5710,Hamburg,Marseilles,1187
5711,Hamburg,Mazatln,9537
5712,Hamburg,Mecca,4361
5713,Hamburg,Melbourne,16182
5714,Hamburg,Mexico City,9472
5715,Hamburg,Milan,902
5716,Hamburg,Montevideo,11705
5717,Hamburg,Moscow,1778
5718,Hamburg,Munich,612
5719,Hamburg,Nagasaki,8811
5720,Hamburg,Nagoya,8913
5721,Hamburg,Nairobi,6598
5722,Hamburg,Nanjing (Nanking),8304
5723,Hamburg,Naples,1448
5724,Hamburg,New Delhi,6008
5725,Hamburg,Newcastle-on-Tyne,771
5726,Hamburg,Odessa,1672
5727,Hamburg,Osaka,8906
5728,Hamburg,Oslo,712
5729,Hamburg,Panama City,9178
5730,Hamburg,Paramaribo,7880
5731,Hamburg,Paris,752
5732,Hamburg,Perth,13819
5733,Hamburg,Plymouth,1025
5734,Hamburg,Port Moresby,13801
5735,Hamburg,Prague,489
5736,Hamburg,Rangoon,8246
5737,Hamburg,Reykjavk,2147
5738,Hamburg,Rio de Janeiro,9919
5739,Hamburg,Rome,1307
5740,Hamburg,Salvador,8700
5741,Hamburg,Santiago,12382
5742,Hamburg,St. Petersburg,1416
5743,Hamburg,So Paulo,10139
5744,Hamburg,Shanghai,8525
5745,Hamburg,Singapore,10153
5746,Hamburg,Sofia,1556
5747,Hamburg,Stockholm,804
5748,Hamburg,Sydney,16272
5749,Hamburg,Tananarive,8813
5750,Hamburg,Teheran,3771
5751,Hamburg,Tokyo,8980
5752,Hamburg,Tripoli,2304
5753,Hamburg,Venice,917
5754,Hamburg,Veracruz,9321
5755,Hamburg,Vienna,737
5756,Hamburg,Vladivostok,7926
5757,Hamburg,Warsaw,749
5758,Hamburg,Wellington,18240
5759,Hamburg,Zrich,697
5760,Hammerfest,Aberdeen,1928
5761,Hammerfest,Adelaide,14555
5762,Hammerfest,Algiers,3949
5763,Hammerfest,Amsterdam,2239
5764,Hammerfest,Ankara,3456
5765,Hammerfest,Asuncin,12333
5766,Hammerfest,Athens,3632
5767,Hammerfest,Auckland,15897
5768,Hammerfest,Bangkok,8083
5769,Hammerfest,Barcelona,3471
5770,Hammerfest,Beijing,5963
5771,Hammerfest,Belm,9512
5772,Hammerfest,Belfast,2288
5773,Hammerfest,Belgrade,2870
5774,Hammerfest,Berlin,2080
5775,Hammerfest,Birmingham,2396
5776,Hammerfest,Bogot,9821
5777,Hammerfest,Bombay,6581
5778,Hammerfest,Bordeaux,3156
5779,Hammerfest,Bremen,2086
5780,Hammerfest,Brisbane,14288
5781,Hammerfest,Bristol,2511
5782,Hammerfest,Brussels,2409
5783,Hammerfest,Bucharest,2918
5784,Hammerfest,Budapest,2583
5785,Hammerfest,Buenos Aires,13324
5786,Hammerfest,Cairo,4539
5787,Hammerfest,Calcutta,6726
5788,Hammerfest,Canton,7576
5789,Hammerfest,Cape Town,11633
5790,Hammerfest,Caracas,8934
5791,Hammerfest,Cayenne,8986
5792,Hammerfest,Chihuahua,8293
5793,Hammerfest,Chongqing,6643
5794,Hammerfest,Copenhagen,1747
5795,Hammerfest,Crdoba,13208
5796,Hammerfest,Dakar,6813
5797,Hammerfest,Darwin,11945
5798,Hammerfest,Djibouti,6711
5799,Hammerfest,Dublin,2424
5800,Hammerfest,Durban,11191
5801,Hammerfest,Edinburgh,2078
5802,Hammerfest,Frankfurt,2408
5803,Hammerfest,Georgetown,9000
5804,Hammerfest,Glasgow,2118
5805,Hammerfest,Guatemala City,9325
5806,Hammerfest,Guayaquil,10731
5807,Hammerfest,Hamburg,2015
5808,Hammerfest,Hammerfest,0
5809,Hammerfest,Havana,8156
5810,Hammerfest,Helsinki,1165
5811,Hammerfest,Hobart,15672
5812,Hammerfest,Hong Kong,7691
5813,Hammerfest,Iquique,12255
5814,Hammerfest,Irkutsk,4296
5815,Hammerfest,Jakarta,10414
5816,Hammerfest,Johannesburg,10773
5817,Hammerfest,Kingston,8502
5818,Hammerfest,Kinshasa,8355
5819,Hammerfest,Kuala Lumpur,9240
5820,Hammerfest,La Paz,11804
5821,Hammerfest,Leeds,2249
5822,Hammerfest,Lima,11658
5823,Hammerfest,Lisbon,4016
5824,Hammerfest,Liverpool,2323
5825,Hammerfest,London,2440
5826,Hammerfest,Lyons,2948
5827,Hammerfest,Madrid,3699
5828,Hammerfest,Manchester,2294
5829,Hammerfest,Manila,8746
5830,Hammerfest,Marseilles,3200
5831,Hammerfest,Mazatln,8883
5832,Hammerfest,Mecca,5566
5833,Hammerfest,Melbourne,15076
5834,Hammerfest,Mexico City,9082
5835,Hammerfest,Milan,2908
5836,Hammerfest,Montevideo,13280
5837,Hammerfest,Moscow,1786
5838,Hammerfest,Munich,2581
5839,Hammerfest,Nagasaki,7156
5840,Hammerfest,Nagoya,7137
5841,Hammerfest,Nairobi,8070
5842,Hammerfest,Nanjing (Nanking),6854
5843,Hammerfest,Naples,3356
5844,Hammerfest,New Delhi,5711
5845,Hammerfest,Newcastle-on-Tyne,2129
5846,Hammerfest,Odessa,2716
5847,Hammerfest,Osaka,7154
5848,Hammerfest,Oslo,1324
5849,Hammerfest,Panama City,9545
5850,Hammerfest,Paramaribo,8995
5851,Hammerfest,Paris,2671
5852,Hammerfest,Perth,13418
5853,Hammerfest,Plymouth,2659
5854,Hammerfest,Port Moresby,12183
5855,Hammerfest,Prague,2334
5856,Hammerfest,Rangoon,7597
5857,Hammerfest,Reykjavk,2025
5858,Hammerfest,Rio de Janeiro,11602
5859,Hammerfest,Rome,3256
5860,Hammerfest,Salvador,10388
5861,Hammerfest,Santiago,13652
5862,Hammerfest,St. Petersburg,1227
5863,Hammerfest,So Paulo,11770
5864,Hammerfest,Shanghai,7036
5865,Hammerfest,Singapore,9521
5866,Hammerfest,Sofia,3109
5867,Hammerfest,Stockholm,1287
5868,Hammerfest,Sydney,14897
5869,Hammerfest,Tananarive,10119
5870,Hammerfest,Teheran,4219
5871,Hammerfest,Tokyo,7165
5872,Hammerfest,Tripoli,4237
5873,Hammerfest,Venice,2868
5874,Hammerfest,Veracruz,9022
5875,Hammerfest,Vienna,2520
5876,Hammerfest,Vladivostok,6149
5877,Hammerfest,Warsaw,2050
5878,Hammerfest,Wellington,16369
5879,Hammerfest,Zrich,2711
5880,Havana,Aberdeen,7283
5881,Havana,Adelaide,15853
5882,Havana,Algiers,8101
5883,Havana,Amsterdam,7811
5884,Havana,Ankara,10321
5885,Havana,Asuncin,6003
5886,Havana,Athens,9748
5887,Havana,Auckland,12626
5888,Havana,Bangkok,15901
5889,Havana,Barcelona,7895
5890,Havana,Beijing,12738
5891,Havana,Belm,4575
5892,Havana,Belfast,7068
5893,Havana,Belgrade,9167
5894,Havana,Berlin,8364
5895,Havana,Birmingham,7356
5896,Havana,Bogot,2245
5897,Havana,Bombay,14610
5898,Havana,Bordeaux,7597
5899,Havana,Bremen,8049
5900,Havana,Brisbane,14458
5901,Havana,Bristol,7324
5902,Havana,Brussels,7813
5903,Havana,Bucharest,9583
5904,Havana,Budapest,8944
5905,Havana,Buenos Aires,6900
5906,Havana,Cairo,10798
5907,Havana,Calcutta,14836
5908,Havana,Canton,14601
5909,Havana,Cape Town,12364
5910,Havana,Caracas,2153
5911,Havana,Cayenne,3816
5912,Havana,Chihuahua,2443
5913,Havana,Chongqing,14055
5914,Havana,Copenhagen,8201
5915,Havana,Crdoba,6373
5916,Havana,Dakar,6842
5917,Havana,Darwin,16312
5918,Havana,Djibouti,12939
5919,Havana,Dublin,7057
5920,Havana,Durban,13422
5921,Havana,Edinburgh,7233
5922,Havana,Frankfurt,8129
5923,Havana,Georgetown,3158
5924,Havana,Glasgow,7166
5925,Havana,Guatemala City,1275
5926,Havana,Guayaquil,2825
5927,Havana,Hamburg,8113
5928,Havana,Hammerfest,8156
5929,Havana,Havana,0
5930,Havana,Helsinki,8697
5931,Havana,Hobart,14976
5932,Havana,Hong Kong,14651
5933,Havana,Iquique,4995
5934,Havana,Irkutsk,11579
5935,Havana,Jakarta,17897
5936,Havana,Johannesburg,13065
5937,Havana,Kingston,814
5938,Havana,Kinshasa,10978
5939,Havana,Kuala Lumpur,17060
5940,Havana,La Paz,4657
5941,Havana,Leeds,7364
5942,Havana,Lima,3949
5943,Havana,Lisbon,7014
5944,Havana,Liverpool,7270
5945,Havana,London,7494
5946,Havana,Lyons,7982
5947,Havana,Madrid,7440
5948,Havana,Manchester,7319
5949,Havana,Manila,15112
5950,Havana,Marseilles,8091
5951,Havana,Mazatln,2454
5952,Havana,Mecca,12024
5953,Havana,Melbourne,15250
5954,Havana,Mexico City,1780
5955,Havana,Milan,8315
5956,Havana,Montevideo,7018
5957,Havana,Moscow,9586
5958,Havana,Munich,8396
5959,Havana,Nagasaki,12912
5960,Havana,Nagoya,12326
5961,Havana,Nairobi,13050
5962,Havana,Nanjing (Nanking),13475
5963,Havana,Naples,8877
5964,Havana,New Delhi,13862
5965,Havana,Newcastle-on-Tyne,7341
5966,Havana,Odessa,9782
5967,Havana,Osaka,12457
5968,Havana,Oslo,7963
5969,Havana,Panama City,1604
5970,Havana,Paramaribo,3490
5971,Havana,Paris,7720
5972,Havana,Perth,17970
5973,Havana,Plymouth,7234
5974,Havana,Port Moresby,14542
5975,Havana,Prague,8520
5976,Havana,Rangoon,15567
5977,Havana,Reykjavk,6283
5978,Havana,Rio de Janeiro,6648
5979,Havana,Rome,8694
5980,Havana,Salvador,6239
5981,Havana,Santiago,6413
5982,Havana,St. Petersburg,8968
5983,Havana,So Paulo,6474
5984,Havana,Shanghai,13464
5985,Havana,Singapore,17221
5986,Havana,Sofia,9477
5987,Havana,Stockholm,8380
5988,Havana,Sydney,14723
5989,Havana,Tananarive,14819
5990,Havana,Teheran,11883
5991,Havana,Tokyo,12116
5992,Havana,Tripoli,9121
5993,Havana,Venice,8549
5994,Havana,Veracruz,1495
5995,Havana,Vienna,8723
5996,Havana,Vladivostok,11847
5997,Havana,Warsaw,8853
5998,Havana,Wellington,12717
5999,Havana,Zrich,8204
6000,Helsinki,Aberdeen,1593
6001,Helsinki,Adelaide,14598
6002,Helsinki,Algiers,3027
6003,Helsinki,Amsterdam,1505
6004,Helsinki,Ankara,2317
6005,Helsinki,Asuncin,12033
6006,Helsinki,Athens,2470
6007,Helsinki,Auckland,16656
6008,Helsinki,Bangkok,7884
6009,Helsinki,Barcelona,2606
6010,Helsinki,Beijing,6318
6011,Helsinki,Belm,9246
6012,Helsinki,Belfast,1932
6013,Helsinki,Belgrade,1726
6014,Helsinki,Berlin,1108
6015,Helsinki,Birmingham,1853
6016,Helsinki,Bogot,10078
6017,Helsinki,Bombay,5920
6018,Helsinki,Bordeaux,2398
6019,Helsinki,Bremen,1259
6020,Helsinki,Brisbane,14709
6021,Helsinki,Bristol,1955
6022,Helsinki,Brussels,1648
6023,Helsinki,Bucharest,1752
6024,Helsinki,Budapest,1459
6025,Helsinki,Buenos Aires,12946
6026,Helsinki,Cairo,3384
6027,Helsinki,Calcutta,6383
6028,Helsinki,Canton,7698
6029,Helsinki,Cape Town,10479
6030,Helsinki,Caracas,9111
6031,Helsinki,Cayenne,8842
6032,Helsinki,Chihuahua,9186
6033,Helsinki,Chongqing,6715
6034,Helsinki,Copenhagen,886
6035,Helsinki,Crdoba,12957
6036,Helsinki,Dakar,6107
6037,Helsinki,Darwin,12082
6038,Helsinki,Djibouti,5612
6039,Helsinki,Dublin,2027
6040,Helsinki,Durban,10027
6041,Helsinki,Edinburgh,1709
6042,Helsinki,Frankfurt,1516
6043,Helsinki,Georgetown,8983
6044,Helsinki,Glasgow,1773
6045,Helsinki,Guatemala City,9933
6046,Helsinki,Guayaquil,11037
6047,Helsinki,Hamburg,1165
6048,Helsinki,Hammerfest,1165
6049,Helsinki,Havana,8697
6050,Helsinki,Helsinki,0
6051,Helsinki,Hobart,15759
6052,Helsinki,Hong Kong,7823
6053,Helsinki,Iquique,12222
6054,Helsinki,Irkutsk,4659
6055,Helsinki,Jakarta,10161
6056,Helsinki,Johannesburg,9607
6057,Helsinki,Kingston,8913
6058,Helsinki,Kinshasa,7218
6059,Helsinki,Kuala Lumpur,8972
6060,Helsinki,La Paz,11773
6061,Helsinki,Leeds,1742
6062,Helsinki,Lima,11827
6063,Helsinki,Lisbon,3362
6064,Helsinki,Liverpool,1844
6065,Helsinki,London,1819
6066,Helsinki,Lyons,2078
6067,Helsinki,Madrid,2949
6068,Helsinki,Manchester,1798
6069,Helsinki,Manila,8928
6070,Helsinki,Marseilles,2290
6071,Helsinki,Mazatln,9757
6072,Helsinki,Mecca,4454
6073,Helsinki,Melbourne,15201
6074,Helsinki,Mexico City,9845
6075,Helsinki,Milan,1940
6076,Helsinki,Montevideo,12863
6077,Helsinki,Moscow,888
6078,Helsinki,Munich,1591
6079,Helsinki,Nagasaki,7647
6080,Helsinki,Nagoya,7749
6081,Helsinki,Nairobi,6925
6082,Helsinki,Nanjing (Nanking),7163
6083,Helsinki,Naples,2273
6084,Helsinki,New Delhi,5219
6085,Helsinki,Newcastle-on-Tyne,1675
6086,Helsinki,Odessa,1571
6087,Helsinki,Osaka,7741
6088,Helsinki,Oslo,792
6089,Helsinki,Panama City,9931
6090,Helsinki,Paramaribo,8914
6091,Helsinki,Paris,1916
6092,Helsinki,Perth,13091
6093,Helsinki,Plymouth,2111
6094,Helsinki,Port Moresby,12649
6095,Helsinki,Prague,1303
6096,Helsinki,Rangoon,7342
6097,Helsinki,Reykjavk,2422
6098,Helsinki,Rio de Janeiro,11083
6099,Helsinki,Rome,2203
6100,Helsinki,Salvador,9863
6101,Helsinki,Santiago,13491
6102,Helsinki,St. Petersburg,295
6103,Helsinki,So Paulo,11300
6104,Helsinki,Shanghai,7378
6105,Helsinki,Singapore,9277
6106,Helsinki,Sofia,1949
6107,Helsinki,Stockholm,401
6108,Helsinki,Sydney,15197
6109,Helsinki,Tananarive,9017
6110,Helsinki,Teheran,3318
6111,Helsinki,Tokyo,7820
6112,Helsinki,Tripoli,3147
6113,Helsinki,Venice,1839
6114,Helsinki,Veracruz,9742
6115,Helsinki,Vienna,1438
6116,Helsinki,Vladivostok,6764
6117,Helsinki,Warsaw,915
6118,Helsinki,Wellington,17074
6119,Helsinki,Zrich,1779
6120,Hobart,Aberdeen,17352
6121,Hobart,Adelaide,1160
6122,Hobart,Algiers,16920
6123,Hobart,Amsterdam,17047
6124,Hobart,Ankara,14674
6125,Hobart,Asuncin,12020
6126,Hobart,Athens,15298
6127,Hobart,Auckland,2422
6128,Hobart,Bangkok,7895
6129,Hobart,Barcelona,17158
6130,Hobart,Beijing,9715
6131,Hobart,Belm,14837
6132,Hobart,Belfast,17680
6133,Hobart,Belgrade,15820
6134,Hobart,Berlin,16469
6135,Hobart,Birmingham,17502
6136,Hobart,Bogot,14110
6137,Hobart,Bombay,10239
6138,Hobart,Bordeaux,17443
6139,Hobart,Bremen,16777
6140,Hobart,Brisbane,1789
6141,Hobart,Bristol,17568
6142,Hobart,Brussels,17096
6143,Hobart,Bucharest,15384
6144,Hobart,Budapest,16001
6145,Hobart,Buenos Aires,11016
6146,Hobart,Cairo,14254
6147,Hobart,Calcutta,9443
6148,Hobart,Canton,8124
6149,Hobart,Cape Town,10025
6150,Hobart,Caracas,15116
6151,Hobart,Cayenne,15363
6152,Hobart,Chihuahua,13414
6153,Hobart,Chongqing,9085
6154,Hobart,Copenhagen,16514
6155,Hobart,Crdoba,11147
6156,Hobart,Dakar,16559
6157,Hobart,Darwin,3733
6158,Hobart,Djibouti,12033
6159,Hobart,Dublin,17752
6160,Hobart,Durban,9650
6161,Hobart,Edinburgh,17463
6162,Hobart,Frankfurt,16792
6163,Hobart,Georgetown,15282
6164,Hobart,Glasgow,17529
6165,Hobart,Guatemala City,13712
6166,Hobart,Guayaquil,13135
6167,Hobart,Hamburg,16693
6168,Hobart,Hammerfest,15672
6169,Hobart,Havana,14976
6170,Hobart,Helsinki,15759
6171,Hobart,Hobart,0
6172,Hobart,Hong Kong,8004
6173,Hobart,Iquique,12027
6174,Hobart,Irkutsk,11377
6175,Hobart,Jakarta,5680
6176,Hobart,Johannesburg,10141
6177,Hobart,Kingston,15040
6178,Hobart,Kinshasa,12898
6179,Hobart,Kuala Lumpur,6856
6180,Hobart,La Paz,12479
6181,Hobart,Leeds,17439
6182,Hobart,Lima,12430
6183,Hobart,Lisbon,17988
6184,Hobart,Liverpool,17544
6185,Hobart,London,17397
6186,Hobart,Lyons,17040
6187,Hobart,Madrid,17603
6188,Hobart,Manchester,17494
6189,Hobart,Manila,6931
6190,Hobart,Marseilles,16955
6191,Hobart,Mazatln,13029
6192,Hobart,Mecca,13016
6193,Hobart,Melbourne,599
6194,Hobart,Mexico City,13363
6195,Hobart,Milan,16702
6196,Hobart,Montevideo,11046
6197,Hobart,Moscow,14960
6198,Hobart,Munich,16564
6199,Hobart,Nagasaki,8597
6200,Hobart,Nagoya,8735
6201,Hobart,Nairobi,11542
6202,Hobart,Nanjing (Nanking),8820
6203,Hobart,Naples,16171
6204,Hobart,New Delhi,10687
6205,Hobart,Newcastle-on-Tyne,17407
6206,Hobart,Odessa,15114
6207,Hobart,Osaka,8689
6208,Hobart,Oslo,16548
6209,Hobart,Panama City,14116
6210,Hobart,Paramaribo,15329
6211,Hobart,Paris,17249
6212,Hobart,Perth,3008
6213,Hobart,Plymouth,17693
6214,Hobart,Port Moresby,3719
6215,Hobart,Prague,16382
6216,Hobart,Rangoon,8453
6217,Hobart,Reykjavk,17561
6218,Hobart,Rio de Janeiro,12617
6219,Hobart,Rome,16351
6220,Hobart,Salvador,13782
6221,Hobart,Santiago,10685
6222,Hobart,St. Petersburg,15464
6223,Hobart,So Paulo,12498
6224,Hobart,Shanghai,8644
6225,Hobart,Singapore,6540
6226,Hobart,Sofia,15530
6227,Hobart,Stockholm,16152
6228,Hobart,Sydney,1036
6229,Hobart,Tananarive,9356
6230,Hobart,Teheran,13018
6231,Hobart,Tokyo,8766
6232,Hobart,Tripoli,15895
6233,Hobart,Venice,16459
6234,Hobart,Veracruz,13584
6235,Hobart,Vienna,16218
6236,Hobart,Vladivostok,9687
6237,Hobart,Warsaw,15954
6238,Hobart,Wellington,2263
6239,Hobart,Zrich,16782
6240,Hong Kong,Aberdeen,9390
6241,Hong Kong,Adelaide,6867
6242,Hong Kong,Algiers,10260
6243,Hong Kong,Amsterdam,9278
6244,Hong Kong,Ankara,7718
6245,Hong Kong,Asuncin,19124
6246,Hong Kong,Athens,8543
6247,Hong Kong,Auckland,9140
6248,Hong Kong,Bangkok,1731
6249,Hong Kong,Barcelona,10065
6250,Hong Kong,Beijing,1966
6251,Hong Kong,Belm,17032
6252,Hong Kong,Belfast,9745
6253,Hong Kong,Belgrade,8552
6254,Hong Kong,Berlin,8748
6255,Hong Kong,Birmingham,9670
6256,Hong Kong,Bogot,16890
6257,Hong Kong,Bombay,4308
6258,Hong Kong,Bordeaux,10046
6259,Hong Kong,Bremen,9005
6260,Hong Kong,Brisbane,6942
6261,Hong Kong,Bristol,9767
6262,Hong Kong,Brussels,9389
6263,Hong Kong,Bucharest,8144
6264,Hong Kong,Budapest,8564
6265,Hong Kong,Buenos Aires,18471
6266,Hong Kong,Cairo,8132
6267,Hong Kong,Calcutta,2646
6268,Hong Kong,Canton,129
6269,Hong Kong,Cape Town,11880
6270,Hong Kong,Caracas,16365
6271,Hong Kong,Cayenne,16657
6272,Hong Kong,Chihuahua,12893
6273,Hong Kong,Chongqing,1122
6274,Hong Kong,Copenhagen,8667
6275,Hong Kong,Crdoba,18986
6276,Hong Kong,Dakar,13332
6277,Hong Kong,Darwin,4274
6278,Hong Kong,Djibouti,7600
6279,Hong Kong,Dublin,9848
6280,Hong Kong,Durban,10618
6281,Hong Kong,Edinburgh,9519
6282,Hong Kong,Frankfurt,9157
6283,Hong Kong,Georgetown,16677
6284,Hong Kong,Glasgow,9579
6285,Hong Kong,Guatemala City,15103
6286,Hong Kong,Guayaquil,17303
6287,Hong Kong,Hamburg,8910
6288,Hong Kong,Hammerfest,7691
6289,Hong Kong,Havana,14651
6290,Hong Kong,Helsinki,7823
6291,Hong Kong,Hobart,8004
6292,Hong Kong,Hong Kong,0
6293,Hong Kong,Iquique,19508
6294,Hong Kong,Irkutsk,3458
6295,Hong Kong,Jakarta,3280
6296,Hong Kong,Johannesburg,10719
6297,Hong Kong,Kingston,15375
6298,Hong Kong,Kinshasa,11103
6299,Hong Kong,Kuala Lumpur,2524
6300,Hong Kong,La Paz,19308
6301,Hong Kong,Leeds,9565
6302,Hong Kong,Lima,18361
6303,Hong Kong,Lisbon,11023
6304,Hong Kong,Liverpool,9667
6305,Hong Kong,London,9618
6306,Hong Kong,Lyons,9635
6307,Hong Kong,Madrid,10535
6308,Hong Kong,Manchester,9621
6309,Hong Kong,Manila,1118
6310,Hong Kong,Marseilles,9731
6311,Hong Kong,Mazatln,13312
6312,Hong Kong,Mecca,7591
6313,Hong Kong,Melbourne,7418
6314,Hong Kong,Mexico City,14128
6315,Hong Kong,Milan,9352
6316,Hong Kong,Montevideo,18333
6317,Hong Kong,Moscow,7141
6318,Hong Kong,Munich,9059
6319,Hong Kong,Nagasaki,1937
6320,Hong Kong,Nagoya,2624
6321,Hong Kong,Nairobi,8760
6322,Hong Kong,Nanjing (Nanking),1175
6323,Hong Kong,Naples,9191
6324,Hong Kong,New Delhi,3762
6325,Hong Kong,Newcastle-on-Tyne,9497
6326,Hong Kong,Odessa,7737
6327,Hong Kong,Osaka,2478
6328,Hong Kong,Oslo,8588
6329,Hong Kong,Panama City,16227
6330,Hong Kong,Paramaribo,16687
6331,Hong Kong,Paris,9630
6332,Hong Kong,Perth,6038
6333,Hong Kong,Plymouth,9920
6334,Hong Kong,Port Moresby,5035
6335,Hong Kong,Prague,8783
6336,Hong Kong,Rangoon,1998
6337,Hong Kong,Reykjavk,9688
6338,Hong Kong,Rio de Janeiro,17695
6339,Hong Kong,Rome,9281
6340,Hong Kong,Salvador,16938
6341,Hong Kong,Santiago,18686
6342,Hong Kong,St. Petersburg,7536
6343,Hong Kong,So Paulo,18035
6344,Hong Kong,Shanghai,1218
6345,Hong Kong,Singapore,2595
6346,Hong Kong,Sofia,8414
6347,Hong Kong,Stockholm,8224
6348,Hong Kong,Sydney,7375
6349,Hong Kong,Tananarive,8564
6350,Hong Kong,Teheran,6147
6351,Hong Kong,Tokyo,2881
6352,Hong Kong,Tripoli,9632
6353,Hong Kong,Venice,9129
6354,Hong Kong,Veracruz,14343
6355,Hong Kong,Vienna,8729
6356,Hong Kong,Vladivostok,2840
6357,Hong Kong,Warsaw,8272
6358,Hong Kong,Wellington,9430
6359,Hong Kong,Zrich,9303
6360,Iquique,Aberdeen,10636
6361,Iquique,Adelaide,13180
6362,Iquique,Algiers,9934
6363,Iquique,Amsterdam,10803
6364,Iquique,Ankara,12515
6365,Iquique,Asuncin,1395
6366,Iquique,Athens,11693
6367,Iquique,Auckland,10723
6368,Iquique,Bangkok,18788
6369,Iquique,Barcelona,10092
6370,Iquique,Beijing,17732
6371,Iquique,Belm,3138
6372,Iquique,Belfast,10290
6373,Iquique,Belgrade,11622
6374,Iquique,Berlin,11349
6375,Iquique,Birmingham,10393
6376,Iquique,Bogot,2783
6377,Iquique,Bombay,16135
6378,Iquique,Bordeaux,10077
6379,Iquique,Bremen,11079
6380,Iquique,Brisbane,12963
6381,Iquique,Bristol,10302
6382,Iquique,Brussels,10702
6383,Iquique,Bucharest,12043
6384,Iquique,Budapest,11586
6385,Iquique,Buenos Aires,1975
6386,Iquique,Cairo,12177
6387,Iquique,Calcutta,17776
6388,Iquique,Canton,19536
6389,Iquique,Cape Town,8640
6390,Iquique,Caracas,3422
6391,Iquique,Cayenne,3392
6392,Iquique,Chihuahua,6658
6393,Iquique,Chongqing,18896
6394,Iquique,Copenhagen,11402
6395,Iquique,Crdoba,1389
6396,Iquique,Dakar,6936
6397,Iquique,Darwin,15722
6398,Iquique,Djibouti,12843
6399,Iquique,Dublin,10196
6400,Iquique,Durban,9902
6401,Iquique,Edinburgh,10515
6402,Iquique,Frankfurt,10951
6403,Iquique,Georgetown,3262
6404,Iquique,Glasgow,10452
6405,Iquique,Guatemala City,4464
6406,Iquique,Guayaquil,2267
6407,Iquique,Hamburg,11172
6408,Iquique,Hammerfest,12255
6409,Iquique,Havana,4995
6410,Iquique,Helsinki,12222
6411,Iquique,Hobart,12027
6412,Iquique,Hong Kong,19508
6413,Iquique,Iquique,0
6414,Iquique,Irkutsk,16387
6415,Iquique,Jakarta,17056
6416,Iquique,Johannesburg,9801
6417,Iquique,Kingston,4304
6418,Iquique,Kinshasa,9363
6419,Iquique,Kuala Lumpur,17923
6420,Iquique,La Paz,452
6421,Iquique,Leeds,10489
6422,Iquique,Lima,1170
6423,Iquique,Lisbon,9114
6424,Iquique,Liverpool,10385
6425,Iquique,London,10457
6426,Iquique,Lyons,10497
6427,Iquique,Madrid,9610
6428,Iquique,Manchester,10433
6429,Iquique,Manila,18687
6430,Iquique,Marseilles,10422
6431,Iquique,Mazatln,6224
6432,Iquique,Mecca,12790
6433,Iquique,Melbourne,12600
6434,Iquique,Mexico City,5419
6435,Iquique,Milan,10794
6436,Iquique,Montevideo,2132
6437,Iquique,Moscow,12950
6438,Iquique,Munich,11071
6439,Iquique,Nagasaki,17580
6440,Iquique,Nagoya,16890
6441,Iquique,Nairobi,11725
6442,Iquique,Nanjing (Nanking),18418
6443,Iquique,Naples,11003
6444,Iquique,New Delhi,16587
6445,Iquique,Newcastle-on-Tyne,10548
6446,Iquique,Odessa,12438
6447,Iquique,Osaka,17036
6448,Iquique,Oslo,11442
6449,Iquique,Panama City,3399
6450,Iquique,Paramaribo,3308
6451,Iquique,Paris,10472
6452,Iquique,Perth,14185
6453,Iquique,Plymouth,10152
6454,Iquique,Port Moresby,14777
6455,Iquique,Prague,11337
6456,Iquique,Rangoon,18505
6457,Iquique,Reykjavk,10237
6458,Iquique,Rio de Janeiro,2796
6459,Iquique,Rome,10901
6460,Iquique,Salvador,3463
6461,Iquique,Santiago,1480
6462,Iquique,St. Petersburg,12514
6463,Iquique,So Paulo,2461
6464,Iquique,Shanghai,18331
6465,Iquique,Singapore,17812
6466,Iquique,Sofia,11783
6467,Iquique,Stockholm,11822
6468,Iquique,Sydney,12584
6469,Iquique,Tananarive,11956
6470,Iquique,Teheran,14136
6471,Iquique,Tokyo,16632
6472,Iquique,Tripoli,10619
6473,Iquique,Venice,11025
6474,Iquique,Veracruz,5213
6475,Iquique,Vienna,11410
6476,Iquique,Vladivostok,16731
6477,Iquique,Warsaw,11840
6478,Iquique,Wellington,10465
6479,Iquique,Zrich,10826
6480,Irkutsk,Aberdeen,6121
6481,Irkutsk,Adelaide,10272
6482,Irkutsk,Algiers,7525
6483,Irkutsk,Amsterdam,6164
6484,Irkutsk,Ankara,5433
6485,Irkutsk,Asuncin,16629
6486,Irkutsk,Athens,6171
6487,Irkutsk,Auckland,12033
6488,Irkutsk,Bangkok,4322
6489,Irkutsk,Barcelona,7189
6490,Irkutsk,Beijing,1675
6491,Irkutsk,Belm,13807
6492,Irkutsk,Belfast,6488
6493,Irkutsk,Belgrade,5857
6494,Irkutsk,Berlin,5718
6495,Irkutsk,Birmingham,6487
6496,Irkutsk,Bogot,13671
6497,Irkutsk,Bombay,4615
6498,Irkutsk,Bordeaux,7042
6499,Irkutsk,Bremen,5914
6500,Irkutsk,Brisbane,10073
6501,Irkutsk,Bristol,6596
6502,Irkutsk,Brussels,6305
6503,Irkutsk,Bucharest,5549
6504,Irkutsk,Budapest,5755
6505,Irkutsk,Buenos Aires,17596
6506,Irkutsk,Cairo,6287
6507,Irkutsk,Calcutta,3594
6508,Irkutsk,Canton,3354
6509,Irkutsk,Cape Town,12679
6510,Irkutsk,Caracas,12965
6511,Irkutsk,Cayenne,13271
6512,Irkutsk,Chihuahua,10523
6513,Irkutsk,Chongqing,2534
6514,Irkutsk,Copenhagen,5545
6515,Irkutsk,Crdoba,17497
6516,Irkutsk,Dakar,10706
6517,Irkutsk,Darwin,7657
6518,Irkutsk,Djibouti,7070
6519,Irkutsk,Dublin,6608
6520,Irkutsk,Durban,11584
6521,Irkutsk,Edinburgh,6263
6522,Irkutsk,Frankfurt,6140
6523,Irkutsk,Georgetown,13223
6524,Irkutsk,Glasgow,6316
6525,Irkutsk,Guatemala City,12416
6526,Irkutsk,Guayaquil,14404
6527,Irkutsk,Hamburg,5819
6528,Irkutsk,Hammerfest,4296
6529,Irkutsk,Havana,11579
6530,Irkutsk,Helsinki,4659
6531,Irkutsk,Hobart,11377
6532,Irkutsk,Hong Kong,3458
6533,Irkutsk,Iquique,16387
6534,Irkutsk,Irkutsk,0
6535,Irkutsk,Jakarta,6538
6536,Irkutsk,Johannesburg,11424
6537,Irkutsk,Kingston,12176
6538,Irkutsk,Kinshasa,10322
6539,Irkutsk,Kuala Lumpur,5494
6540,Irkutsk,La Paz,15955
6541,Irkutsk,Leeds,6361
6542,Irkutsk,Lima,15510
6543,Irkutsk,Lisbon,8018
6544,Irkutsk,Liverpool,6456
6545,Irkutsk,London,6472
6546,Irkutsk,Lyons,6685
6547,Irkutsk,Madrid,7585
6548,Irkutsk,Manchester,6415
6549,Irkutsk,Manila,4465
6550,Irkutsk,Marseilles,6852
6551,Irkutsk,Mazatln,11085
6552,Irkutsk,Mecca,6421
6553,Irkutsk,Melbourne,10779
6554,Irkutsk,Mexico City,11701
6555,Irkutsk,Milan,6471
6556,Irkutsk,Montevideo,17522
6557,Irkutsk,Moscow,4193
6558,Irkutsk,Munich,6133
6559,Irkutsk,Nagasaki,2999
6560,Irkutsk,Nagoya,3208
6561,Irkutsk,Nairobi,8632
6562,Irkutsk,Nanjing (Nanking),2558
6563,Irkutsk,Naples,6537
6564,Irkutsk,New Delhi,3470
6565,Irkutsk,Newcastle-on-Tyne,6269
6566,Irkutsk,Odessa,5121
6567,Irkutsk,Osaka,3168
6568,Irkutsk,Oslo,5352
6569,Irkutsk,Panama City,13170
6570,Irkutsk,Paramaribo,13256
6571,Irkutsk,Paris,6571
6572,Irkutsk,Perth,9457
6573,Irkutsk,Plymouth,6753
6574,Irkutsk,Port Moresby,7993
6575,Irkutsk,Prague,5834
6576,Irkutsk,Rangoon,4032
6577,Irkutsk,Reykjavk,6252
6578,Irkutsk,Rio de Janeiro,15731
6579,Irkutsk,Rome,6561
6580,Irkutsk,Salvador,14516
6581,Irkutsk,Santiago,17862
6582,Irkutsk,St. Petersburg,4403
6583,Irkutsk,So Paulo,15958
6584,Irkutsk,Shanghai,2748
6585,Irkutsk,Singapore,5700
6586,Irkutsk,Sofia,5846
6587,Irkutsk,Stockholm,5047
6588,Irkutsk,Sydney,10628
6589,Irkutsk,Tananarive,9628
6590,Irkutsk,Teheran,4470
6591,Irkutsk,Tokyo,3340
6592,Irkutsk,Tripoli,7236
6593,Irkutsk,Venice,6294
6594,Irkutsk,Veracruz,11803
6595,Irkutsk,Vienna,5860
6596,Irkutsk,Vladivostok,2291
6597,Irkutsk,Warsaw,5326
6598,Irkutsk,Wellington,12424
6599,Irkutsk,Zrich,6360
6600,Jakarta,Aberdeen,11728
6601,Jakarta,Adelaide,4554
6602,Jakarta,Algiers,11651
6603,Jakarta,Amsterdam,11367
6604,Jakarta,Ankara,9102
6605,Jakarta,Asuncin,16128
6606,Jakarta,Athens,9834
6607,Jakarta,Auckland,7633
6608,Jakarta,Bangkok,2331
6609,Jakarta,Barcelona,11688
6610,Jakarta,Beijing,5229
6611,Jakarta,Belm,17139
6612,Jakarta,Belfast,12025
6613,Jakarta,Belgrade,10205
6614,Jakarta,Berlin,10788
6615,Jakarta,Birmingham,11822
6616,Jakarta,Bogot,19790
6617,Jakarta,Bombay,4665
6618,Jakarta,Bordeaux,11860
6619,Jakarta,Bremen,11097
6620,Jakarta,Brisbane,5421
6621,Jakarta,Bristol,11888
6622,Jakarta,Brussels,11419
6623,Jakarta,Bucharest,9761
6624,Jakarta,Budapest,10349
6625,Jakarta,Buenos Aires,15213
6626,Jakarta,Cairo,8973
6627,Jakarta,Calcutta,3779
6628,Jakarta,Canton,3341
6629,Jakarta,Cape Town,9475
6630,Jakarta,Caracas,19191
6631,Jakarta,Cayenne,17696
6632,Jakarta,Chihuahua,15759
6633,Jakarta,Chongqing,4006
6634,Jakarta,Copenhagen,10847
6635,Jakarta,Crdoba,15711
6636,Jakarta,Dakar,13864
6637,Jakarta,Darwin,2725
6638,Jakarta,Djibouti,7322
6639,Jakarta,Dublin,12082
6640,Jakarta,Durban,8304
6641,Jakarta,Edinburgh,11819
6642,Jakarta,Frankfurt,11120
6643,Jakarta,Georgetown,18362
6644,Jakarta,Glasgow,11887
6645,Jakarta,Guatemala City,17907
6646,Jakarta,Guayaquil,18815
6647,Jakarta,Hamburg,11014
6648,Jakarta,Hammerfest,10414
6649,Jakarta,Havana,17897
6650,Jakarta,Helsinki,10161
6651,Jakarta,Hobart,5680
6652,Jakarta,Hong Kong,3280
6653,Jakarta,Iquique,17056
6654,Jakarta,Irkutsk,6538
6655,Jakarta,Jakarta,0
6656,Jakarta,Johannesburg,8578
6657,Jakarta,Kingston,18654
6658,Jakarta,Kinshasa,10122
6659,Jakarta,Kuala Lumpur,1188
6660,Jakarta,La Paz,17433
6661,Jakarta,Leeds,11766
6662,Jakarta,Lima,17940
6663,Jakarta,Lisbon,12682
6664,Jakarta,Liverpool,11870
6665,Jakarta,London,11716
6666,Jakarta,Lyons,11433
6667,Jakarta,Madrid,12189
6668,Jakarta,Manchester,11820
6669,Jakarta,Manila,2794
6670,Jakarta,Marseilles,11411
6671,Jakarta,Mazatln,15994
6672,Jakarta,Mecca,7927
6673,Jakarta,Melbourne,5204
6674,Jakarta,Mexico City,16854
6675,Jakarta,Milan,11098
6676,Jakarta,Montevideo,15103
6677,Jakarta,Moscow,9315
6678,Jakarta,Munich,10912
6679,Jakarta,Nagasaki,4985
6680,Jakarta,Nagoya,5579
6681,Jakarta,Nairobi,7767
6682,Jakarta,Nanjing (Nanking),4448
6683,Jakarta,Naples,10676
6684,Jakarta,New Delhi,5007
6685,Jakarta,Newcastle-on-Tyne,11747
6686,Jakarta,Odessa,9455
6687,Jakarta,Osaka,5445
6688,Jakarta,Oslo,10949
6689,Jakarta,Panama City,19255
6690,Jakarta,Paramaribo,18029
6691,Jakarta,Paris,11589
6692,Jakarta,Perth,3007
6693,Jakarta,Plymouth,12015
6694,Jakarta,Port Moresby,4454
6695,Jakarta,Prague,10710
6696,Jakarta,Rangoon,2829
6697,Jakarta,Reykjavk,12424
6698,Jakarta,Rio de Janeiro,15411
6699,Jakarta,Rome,10831
6700,Jakarta,Salvador,15622
6701,Jakarta,Santiago,15589
6702,Jakarta,St. Petersburg,9868
6703,Jakarta,So Paulo,15615
6704,Jakarta,Shanghai,4444
6705,Jakarta,Singapore,893
6706,Jakarta,Sofia,9949
6707,Jakarta,Stockholm,10535
6708,Jakarta,Sydney,5484
6709,Jakarta,Tananarive,6551
6710,Jakarta,Teheran,7397
6711,Jakarta,Tokyo,5795
6712,Jakarta,Tripoli,10720
6713,Jakarta,Venice,10851
6714,Jakarta,Veracruz,17146
6715,Jakarta,Vienna,10561
6716,Jakarta,Vladivostok,6055
6717,Jakarta,Warsaw,10273
6718,Jakarta,Wellington,7715
6719,Jakarta,Zrich,11143
6720,Johannesburg,Aberdeen,9690
6721,Johannesburg,Adelaide,10041
6722,Johannesburg,Algiers,7483
6723,Johannesburg,Amsterdam,9022
6724,Johannesburg,Ankara,7368
6725,Johannesburg,Asuncin,8406
6726,Johannesburg,Athens,7149
6727,Johannesburg,Auckland,12183
6728,Johannesburg,Bangkok,8996
6729,Johannesburg,Barcelona,7975
6730,Johannesburg,Beijing,11706
6731,Johannesburg,Belm,8594
6732,Johannesburg,Belfast,9556
6733,Johannesburg,Belgrade,7939
6734,Johannesburg,Berlin,8866
6735,Johannesburg,Birmingham,9214
6736,Johannesburg,Bogot,11457
6737,Johannesburg,Bombay,6969
6738,Johannesburg,Bordeaux,8414
6739,Johannesburg,Bremen,9010
6740,Johannesburg,Brisbane,11640
6741,Johannesburg,Bristol,9141
6742,Johannesburg,Brussels,8879
6743,Johannesburg,Bucharest,7854
6744,Johannesburg,Budapest,8244
6745,Johannesburg,Buenos Aires,8089
6746,Johannesburg,Cairo,6262
6747,Johannesburg,Calcutta,8459
6748,Johannesburg,Canton,10671
6749,Johannesburg,Cape Town,1266
6750,Johannesburg,Caracas,11022
6751,Johannesburg,Cayenne,9288
6752,Johannesburg,Chihuahua,15508
6753,Johannesburg,Chongqing,10415
6754,Johannesburg,Copenhagen,9221
6755,Johannesburg,Crdoba,8720
6756,Johannesburg,Dakar,6699
6757,Johannesburg,Darwin,10636
6758,Johannesburg,Djibouti,4494
6759,Johannesburg,Dublin,9443
6760,Johannesburg,Durban,494
6761,Johannesburg,Edinburgh,9597
6762,Johannesburg,Frankfurt,8699
6763,Johannesburg,Georgetown,9973
6764,Johannesburg,Glasgow,9621
6765,Johannesburg,Guatemala City,13542
6766,Johannesburg,Guayaquil,11685
6767,Johannesburg,Hamburg,9036
6768,Johannesburg,Hammerfest,10773
6769,Johannesburg,Havana,13065
6770,Johannesburg,Helsinki,9607
6771,Johannesburg,Hobart,10141
6772,Johannesburg,Hong Kong,10719
6773,Johannesburg,Iquique,9801
6774,Johannesburg,Irkutsk,11424
6775,Johannesburg,Jakarta,8578
6776,Johannesburg,Johannesburg,0
6777,Johannesburg,Kingston,12323
6778,Johannesburg,Kinshasa,2789
6779,Johannesburg,Kuala Lumpur,8539
6780,Johannesburg,La Paz,9825
6781,Johannesburg,Leeds,9334
6782,Johannesburg,Lima,10882
6783,Johannesburg,Lisbon,8191
6784,Johannesburg,Liverpool,9346
6785,Johannesburg,London,9071
6786,Johannesburg,Lyons,8337
6787,Johannesburg,Madrid,8104
6788,Johannesburg,Manchester,9332
6789,Johannesburg,Manila,10998
6790,Johannesburg,Marseilles,8073
6791,Johannesburg,Mazatln,15427
6792,Johannesburg,Mecca,5449
6793,Johannesburg,Melbourne,10328
6794,Johannesburg,Mexico City,14585
6795,Johannesburg,Milan,8193
6796,Johannesburg,Montevideo,7888
6797,Johannesburg,Moscow,9157
6798,Johannesburg,Munich,8427
6799,Johannesburg,Nagasaki,12590
6800,Johannesburg,Nagoya,13279
6801,Johannesburg,Nairobi,2913
6802,Johannesburg,Nanjing (Nanking),11585
6803,Johannesburg,Naples,7589
6804,Johannesburg,New Delhi,8037
6805,Johannesburg,Newcastle-on-Tyne,9459
6806,Johannesburg,Odessa,8083
6807,Johannesburg,Osaka,13137
6808,Johannesburg,Oslo,9710
6809,Johannesburg,Panama City,12196
6810,Johannesburg,Paramaribo,9627
6811,Johannesburg,Paris,8723
6812,Johannesburg,Perth,8312
6813,Johannesburg,Plymouth,9088
6814,Johannesburg,Port Moresby,12338
6815,Johannesburg,Prague,8588
6816,Johannesburg,Rangoon,8758
6817,Johannesburg,Reykjavk,10934
6818,Johannesburg,Rio de Janeiro,7122
6819,Johannesburg,Rome,7740
6820,Johannesburg,Salvador,7053
6821,Johannesburg,Santiago,9185
6822,Johannesburg,St. Petersburg,9579
6823,Johannesburg,So Paulo,7421
6824,Johannesburg,Shanghai,11775
6825,Johannesburg,Singapore,8660
6826,Johannesburg,Sofia,7672
6827,Johannesburg,Stockholm,9549
6828,Johannesburg,Sydney,11015
6829,Johannesburg,Tananarive,2159
6830,Johannesburg,Teheran,7323
6831,Johannesburg,Tokyo,13542
6832,Johannesburg,Tripoli,6762
6833,Johannesburg,Venice,8122
6834,Johannesburg,Veracruz,14282
6835,Johannesburg,Vienna,8359
6836,Johannesburg,Vladivostok,13050
6837,Johannesburg,Warsaw,8748
6838,Johannesburg,Wellington,11764
6839,Johannesburg,Zrich,8410
6840,Kingston,Aberdeen,7414
6841,Kingston,Adelaide,16048
6842,Kingston,Algiers,7934
6843,Kingston,Amsterdam,7876
6844,Kingston,Ankara,10314
6845,Kingston,Asuncin,5235
6846,Kingston,Athens,9670
6847,Kingston,Auckland,12810
6848,Kingston,Bangkok,16474
6849,Kingston,Barcelona,7792
6850,Kingston,Beijing,13432
6851,Kingston,Belm,3780
6852,Kingston,Belfast,7160
6853,Kingston,Belgrade,9166
6854,Kingston,Berlin,8446
6855,Kingston,Birmingham,7415
6856,Kingston,Bogot,1521
6857,Kingston,Bombay,14730
6858,Kingston,Bordeaux,7541
6859,Kingston,Bremen,8130
6860,Kingston,Brisbane,14818
6861,Kingston,Bristol,7368
6862,Kingston,Brussels,7854
6863,Kingston,Bucharest,9599
6864,Kingston,Budapest,8973
6865,Kingston,Buenos Aires,6162
6866,Kingston,Cairo,10659
6867,Kingston,Calcutta,15228
6868,Kingston,Canton,15315
6869,Kingston,Cape Town,11575
6870,Kingston,Caracas,1344
6871,Kingston,Cayenne,3040
6872,Kingston,Chihuahua,3203
6873,Kingston,Chongqing,14693
6874,Kingston,Copenhagen,8327
6875,Kingston,Crdoba,5661
6876,Kingston,Dakar,6318
6877,Kingston,Darwin,16987
6878,Kingston,Djibouti,12647
6879,Kingston,Dublin,7128
6880,Kingston,Durban,12661
6881,Kingston,Edinburgh,7345
6882,Kingston,Frankfurt,8167
6883,Kingston,Georgetown,2368
6884,Kingston,Glasgow,7277
6885,Kingston,Guatemala City,1508
6886,Kingston,Guayaquil,2266
6887,Kingston,Hamburg,8203
6888,Kingston,Hammerfest,8502
6889,Kingston,Havana,814
6890,Kingston,Helsinki,8913
6891,Kingston,Hobart,15040
6892,Kingston,Hong Kong,15375
6893,Kingston,Iquique,4304
6894,Kingston,Irkutsk,12176
6895,Kingston,Jakarta,18654
6896,Kingston,Johannesburg,12323
6897,Kingston,Kingston,0
6898,Kingston,Kinshasa,10376
6899,Kingston,Kuala Lumpur,17661
6900,Kingston,La Paz,3939
6901,Kingston,Leeds,7444
6902,Kingston,Lima,3334
6903,Kingston,Lisbon,6853
6904,Kingston,Liverpool,7344
6905,Kingston,London,7541
6906,Kingston,Lyons,7948
6907,Kingston,Madrid,7312
6908,Kingston,Manchester,7394
6909,Kingston,Manila,15903
6910,Kingston,Marseilles,8023
6911,Kingston,Mazatln,3129
6912,Kingston,Mecca,11833
6913,Kingston,Melbourne,15407
6914,Kingston,Mexico City,2352
6915,Kingston,Milan,8287
6916,Kingston,Montevideo,6270
6917,Kingston,Moscow,9791
6918,Kingston,Munich,8413
6919,Kingston,Nagasaki,13691
6920,Kingston,Nagoya,13119
6921,Kingston,Nairobi,12562
6922,Kingston,Nanjing (Nanking),14205
6923,Kingston,Naples,8799
6924,Kingston,New Delhi,14131
6925,Kingston,Newcastle-on-Tyne,7439
6926,Kingston,Odessa,9845
6927,Kingston,Osaka,13249
6928,Kingston,Oslo,8147
6929,Kingston,Panama City,1044
6930,Kingston,Paramaribo,2707
6931,Kingston,Paris,7727
6932,Kingston,Perth,18007
6933,Kingston,Plymouth,7261
6934,Kingston,Port Moresby,15184
6935,Kingston,Prague,8571
6936,Kingston,Rangoon,16064
6937,Kingston,Reykjavk,6544
6938,Kingston,Rio de Janeiro,5835
6939,Kingston,Rome,8625
6940,Kingston,Salvador,5434
6941,Kingston,Santiago,5757
6942,Kingston,St. Petersburg,9196
6943,Kingston,So Paulo,5666
6944,Kingston,Shanghai,14211
6945,Kingston,Singapore,17876
6946,Kingston,Sofia,9459
6947,Kingston,Stockholm,8566
6948,Kingston,Sydney,14966
6949,Kingston,Tananarive,14169
6950,Kingston,Teheran,11954
6951,Kingston,Tokyo,12914
6952,Kingston,Tripoli,8934
6953,Kingston,Venice,8529
6954,Kingston,Veracruz,2042
6955,Kingston,Vienna,8754
6956,Kingston,Vladivostok,12605
6957,Kingston,Warsaw,8952
6958,Kingston,Wellington,12834
6959,Kingston,Zrich,8202
6960,Kinshasa,Aberdeen,7011
6961,Kinshasa,Adelaide,12672
6962,Kinshasa,Algiers,4748
6963,Kinshasa,Amsterdam,6377
6964,Kinshasa,Ankara,5236
6965,Kinshasa,Asuncin,8090
6966,Kinshasa,Athens,4779
6967,Kinshasa,Auckland,14966
6968,Kinshasa,Bangkok,9606
6969,Kinshasa,Barcelona,5251
6970,Kinshasa,Beijing,11263
6971,Kinshasa,Belm,7086
6972,Kinshasa,Belfast,6838
6973,Kinshasa,Belgrade,5492
6974,Kinshasa,Berlin,6318
6975,Kinshasa,Birmingham,6511
6976,Kinshasa,Bogot,9993
6977,Kinshasa,Bombay,6803
6978,Kinshasa,Bordeaux,5685
6979,Kinshasa,Bremen,6409
6980,Kinshasa,Brisbane,14278
6981,Kinshasa,Bristol,6429
6982,Kinshasa,Brussels,6222
6983,Kinshasa,Bucharest,5523
6984,Kinshasa,Budapest,5771
6985,Kinshasa,Buenos Aires,8241
6986,Kinshasa,Cairo,4183
6987,Kinshasa,Calcutta,8472
6988,Kinshasa,Canton,11009
6989,Kinshasa,Cape Town,3308
6990,Kinshasa,Caracas,9257
6991,Kinshasa,Cayenne,7574
6992,Kinshasa,Chihuahua,13281
6993,Kinshasa,Chongqing,10368
6994,Kinshasa,Copenhagen,6672
6995,Kinshasa,Crdoba,8758
6996,Kinshasa,Dakar,4180
6997,Kinshasa,Darwin,12657
6998,Kinshasa,Djibouti,3538
6999,Kinshasa,Dublin,6717
7000,Kinshasa,Durban,3283
7001,Kinshasa,Edinburgh,6904
7002,Kinshasa,Frankfurt,6083
7003,Kinshasa,Georgetown,8253
7004,Kinshasa,Glasgow,6920
7005,Kinshasa,Guatemala City,11826
7006,Kinshasa,Guayaquil,10567
7007,Kinshasa,Hamburg,6451
7008,Kinshasa,Hammerfest,8355
7009,Kinshasa,Havana,10978
7010,Kinshasa,Helsinki,7218
7011,Kinshasa,Hobart,12898
7012,Kinshasa,Hong Kong,11103
7013,Kinshasa,Iquique,9363
7014,Kinshasa,Irkutsk,10322
7015,Kinshasa,Jakarta,10122
7016,Kinshasa,Johannesburg,2789
7017,Kinshasa,Kingston,10376
7018,Kinshasa,Kinshasa,0
7019,Kinshasa,Kuala Lumpur,9636
7020,Kinshasa,La Paz,9196
7021,Kinshasa,Leeds,6641
7022,Kinshasa,Lima,10159
7023,Kinshasa,Lisbon,5404
7024,Kinshasa,Liverpool,6641
7025,Kinshasa,London,6377
7026,Kinshasa,Lyons,5660
7027,Kinshasa,Madrid,5337
7028,Kinshasa,Manchester,6632
7029,Kinshasa,Manila,11812
7030,Kinshasa,Marseilles,5390
7031,Kinshasa,Mazatln,13425
7032,Kinshasa,Mecca,3914
7033,Kinshasa,Melbourne,13033
7034,Kinshasa,Mexico City,12722
7035,Kinshasa,Milan,5565
7036,Kinshasa,Montevideo,8045
7037,Kinshasa,Moscow,6982
7038,Kinshasa,Munich,5841
7039,Kinshasa,Nagasaki,12562
7040,Kinshasa,Nagoya,13133
7041,Kinshasa,Nairobi,2423
7042,Kinshasa,Nanjing (Nanking),11542
7043,Kinshasa,Naples,5019
7044,Kinshasa,New Delhi,7549
7045,Kinshasa,Newcastle-on-Tyne,6771
7046,Kinshasa,Odessa,5846
7047,Kinshasa,Osaka,13023
7048,Kinshasa,Oslo,7155
7049,Kinshasa,Panama City,10609
7050,Kinshasa,Paramaribo,7911
7051,Kinshasa,Paris,6036
7052,Kinshasa,Perth,10746
7053,Kinshasa,Plymouth,6360
7054,Kinshasa,Port Moresby,14466
7055,Kinshasa,Prague,6047
7056,Kinshasa,Rangoon,9162
7057,Kinshasa,Reykjavk,8201
7058,Kinshasa,Rio de Janeiro,6603
7059,Kinshasa,Rome,5145
7060,Kinshasa,Salvador,5973
7061,Kinshasa,Santiago,9376
7062,Kinshasa,St. Petersburg,7262
7063,Kinshasa,So Paulo,6947
7064,Kinshasa,Shanghai,11793
7065,Kinshasa,Singapore,9866
7066,Kinshasa,Sofia,5285
7067,Kinshasa,Stockholm,7074
7068,Kinshasa,Sydney,13717
7069,Kinshasa,Tananarive,3857
7070,Kinshasa,Teheran,5851
7071,Kinshasa,Tokyo,13359
7072,Kinshasa,Tripoli,4147
7073,Kinshasa,Venice,5537
7074,Kinshasa,Veracruz,12415
7075,Kinshasa,Vienna,5842
7076,Kinshasa,Vladivostok,12479
7077,Kinshasa,Warsaw,6309
7078,Kinshasa,Wellington,14535
7079,Kinshasa,Zrich,5781
7080,Kuala Lumpur,Aberdeen,10541
7081,Kuala Lumpur,Adelaide,5718
7082,Kuala Lumpur,Algiers,10569
7083,Kuala Lumpur,Amsterdam,10192
7084,Kuala Lumpur,Ankara,7984
7085,Kuala Lumpur,Asuncin,16710
7086,Kuala Lumpur,Athens,8740
7087,Kuala Lumpur,Auckland,8724
7088,Kuala Lumpur,Bangkok,1187
7089,Kuala Lumpur,Barcelona,10569
7090,Kuala Lumpur,Beijing,4350
7091,Kuala Lumpur,Belm,16697
7092,Kuala Lumpur,Belfast,10841
7093,Kuala Lumpur,Belgrade,9066
7094,Kuala Lumpur,Berlin,9615
7095,Kuala Lumpur,Birmingham,10646
7096,Kuala Lumpur,Bogot,19051
7097,Kuala Lumpur,Bombay,3602
7098,Kuala Lumpur,Bordeaux,10718
7099,Kuala Lumpur,Bremen,9921
7100,Kuala Lumpur,Brisbane,6471
7101,Kuala Lumpur,Bristol,10714
7102,Kuala Lumpur,Brussels,10249
7103,Kuala Lumpur,Bucharest,8621
7104,Kuala Lumpur,Budapest,9196
7105,Kuala Lumpur,Buenos Aires,15956
7106,Kuala Lumpur,Cairo,7945
7107,Kuala Lumpur,Calcutta,2593
7108,Kuala Lumpur,Canton,2546
7109,Kuala Lumpur,Cape Town,9588
7110,Kuala Lumpur,Caracas,18054
7111,Kuala Lumpur,Cayenne,16994
7112,Kuala Lumpur,Chihuahua,15403
7113,Kuala Lumpur,Chongqing,3005
7114,Kuala Lumpur,Copenhagen,9665
7115,Kuala Lumpur,Crdoba,16534
7116,Kuala Lumpur,Dakar,13030
7117,Kuala Lumpur,Darwin,3657
7118,Kuala Lumpur,Djibouti,6523
7119,Kuala Lumpur,Dublin,10901
7120,Kuala Lumpur,Durban,8350
7121,Kuala Lumpur,Edinburgh,10634
7122,Kuala Lumpur,Frankfurt,9954
7123,Kuala Lumpur,Georgetown,17532
7124,Kuala Lumpur,Glasgow,10702
7125,Kuala Lumpur,Guatemala City,17626
7126,Kuala Lumpur,Guayaquil,19804
7127,Kuala Lumpur,Hamburg,9837
7128,Kuala Lumpur,Hammerfest,9240
7129,Kuala Lumpur,Havana,17060
7130,Kuala Lumpur,Helsinki,8972
7131,Kuala Lumpur,Hobart,6856
7132,Kuala Lumpur,Hong Kong,2524
7133,Kuala Lumpur,Iquique,17923
7134,Kuala Lumpur,Irkutsk,5494
7135,Kuala Lumpur,Jakarta,1188
7136,Kuala Lumpur,Johannesburg,8539
7137,Kuala Lumpur,Kingston,17661
7138,Kuala Lumpur,Kinshasa,9636
7139,Kuala Lumpur,Kuala Lumpur,0
7140,Kuala Lumpur,La Paz,18178
7141,Kuala Lumpur,Leeds,10586
7142,Kuala Lumpur,Lima,19019
7143,Kuala Lumpur,Lisbon,11571
7144,Kuala Lumpur,Liverpool,10691
7145,Kuala Lumpur,London,10543
7146,Kuala Lumpur,Lyons,10288
7147,Kuala Lumpur,Madrid,11072
7148,Kuala Lumpur,Manchester,10640
7149,Kuala Lumpur,Manila,2465
7150,Kuala Lumpur,Marseilles,10281
7151,Kuala Lumpur,Mazatln,15788
7152,Kuala Lumpur,Mecca,6984
7153,Kuala Lumpur,Melbourne,6364
7154,Kuala Lumpur,Mexico City,16627
7155,Kuala Lumpur,Milan,9956
7156,Kuala Lumpur,Montevideo,15810
7157,Kuala Lumpur,Moscow,8128
7158,Kuala Lumpur,Munich,9756
7159,Kuala Lumpur,Nagasaki,4418
7160,Kuala Lumpur,Nagoya,5080
7161,Kuala Lumpur,Nairobi,7218
7162,Kuala Lumpur,Nanjing (Nanking),3682
7163,Kuala Lumpur,Naples,9565
7164,Kuala Lumpur,New Delhi,3837
7165,Kuala Lumpur,Newcastle-on-Tyne,10564
7166,Kuala Lumpur,Odessa,8300
7167,Kuala Lumpur,Osaka,4936
7168,Kuala Lumpur,Oslo,9761
7169,Kuala Lumpur,Panama City,18662
7170,Kuala Lumpur,Paramaribo,17271
7171,Kuala Lumpur,Paris,10427
7172,Kuala Lumpur,Perth,4178
7173,Kuala Lumpur,Plymouth,10844
7174,Kuala Lumpur,Port Moresby,5223
7175,Kuala Lumpur,Prague,9545
7176,Kuala Lumpur,Rangoon,1645
7177,Kuala Lumpur,Reykjavk,11244
7178,Kuala Lumpur,Rio de Janeiro,15642
7179,Kuala Lumpur,Rome,9712
7180,Kuala Lumpur,Salvador,15501
7181,Kuala Lumpur,Santiago,16552
7182,Kuala Lumpur,St. Petersburg,8680
7183,Kuala Lumpur,So Paulo,15916
7184,Kuala Lumpur,Shanghai,3742
7185,Kuala Lumpur,Singapore,324
7186,Kuala Lumpur,Sofia,8821
7187,Kuala Lumpur,Stockholm,9347
7188,Kuala Lumpur,Sydney,6603
7189,Kuala Lumpur,Tananarive,6404
7190,Kuala Lumpur,Teheran,6271
7191,Kuala Lumpur,Tokyo,5324
7192,Kuala Lumpur,Tripoli,9678
7193,Kuala Lumpur,Venice,9709
7194,Kuala Lumpur,Veracruz,16858
7195,Kuala Lumpur,Vienna,9404
7196,Kuala Lumpur,Vladivostok,5362
7197,Kuala Lumpur,Warsaw,9099
7198,Kuala Lumpur,Wellington,8839
7199,Kuala Lumpur,Zrich,9990
7200,La Paz,Aberdeen,10186
7201,La Paz,Adelaide,13632
7202,La Paz,Algiers,9526
7203,La Paz,Amsterdam,10361
7204,La Paz,Ankara,12120
7205,La Paz,Asuncin,1479
7206,La Paz,Athens,11301
7207,La Paz,Auckland,11141
7208,La Paz,Bangkok,18782
7209,La Paz,Barcelona,9670
7210,La Paz,Beijing,17365
7211,La Paz,Belm,2741
7212,La Paz,Belfast,9841
7213,La Paz,Belgrade,11204
7214,La Paz,Berlin,10910
7215,La Paz,Birmingham,9948
7216,La Paz,Bogot,2421
7217,La Paz,Bombay,15900
7218,La Paz,Bordeaux,9645
7219,La Paz,Bremen,10636
7220,La Paz,Brisbane,13391
7221,La Paz,Bristol,9857
7222,La Paz,Brussels,10262
7223,La Paz,Bucharest,11628
7224,La Paz,Budapest,11160
7225,La Paz,Buenos Aires,2248
7226,La Paz,Cairo,11827
7227,La Paz,Calcutta,17490
7228,La Paz,Canton,19254
7229,La Paz,Cape Town,8702
7230,La Paz,Caracas,2996
7231,La Paz,Cayenne,2951
7232,La Paz,Chihuahua,6445
7233,La Paz,Chongqing,18446
7234,La Paz,Copenhagen,10957
7235,La Paz,Crdoba,1722
7236,La Paz,Dakar,6572
7237,La Paz,Darwin,16167
7238,La Paz,Djibouti,12626
7239,La Paz,Dublin,9748
7240,La Paz,Durban,9960
7241,La Paz,Edinburgh,10065
7242,La Paz,Frankfurt,10514
7243,La Paz,Georgetown,2809
7244,La Paz,Glasgow,10002
7245,La Paz,Guatemala City,4224
7246,La Paz,Guayaquil,2030
7247,La Paz,Hamburg,10730
7248,La Paz,Hammerfest,11804
7249,La Paz,Havana,4657
7250,La Paz,Helsinki,11773
7251,La Paz,Hobart,12479
7252,La Paz,Hong Kong,19308
7253,La Paz,Iquique,452
7254,La Paz,Irkutsk,15955
7255,La Paz,Jakarta,17433
7256,La Paz,Johannesburg,9825
7257,La Paz,Kingston,3939
7258,La Paz,Kinshasa,9196
7259,La Paz,Kuala Lumpur,18178
7260,La Paz,La Paz,0
7261,La Paz,Leeds,10043
7262,La Paz,Lima,1056
7263,La Paz,Lisbon,8687
7264,La Paz,Liverpool,9938
7265,La Paz,London,10013
7266,La Paz,Lyons,10067
7267,La Paz,Madrid,9185
7268,La Paz,Manchester,9986
7269,La Paz,Manila,18995
7270,La Paz,Marseilles,9998
7271,La Paz,Mazatln,6045
7272,La Paz,Mecca,12499
7273,La Paz,Melbourne,13051
7274,La Paz,Mexico City,5216
7275,La Paz,Milan,10368
7276,La Paz,Montevideo,2381
7277,La Paz,Moscow,12508
7278,La Paz,Munich,10640
7279,La Paz,Nagasaki,17428
7280,La Paz,Nagoya,16758
7281,La Paz,Nairobi,11589
7282,La Paz,Nanjing (Nanking),18132
7283,La Paz,Naples,10593
7284,La Paz,New Delhi,16246
7285,La Paz,Newcastle-on-Tyne,10100
7286,La Paz,Odessa,12019
7287,La Paz,Osaka,16902
7288,La Paz,Oslo,10992
7289,La Paz,Panama City,3081
7290,La Paz,Paramaribo,2859
7291,La Paz,Paris,10034
7292,La Paz,Perth,14614
7293,La Paz,Plymouth,9708
7294,La Paz,Port Moresby,15164
7295,La Paz,Prague,10902
7296,La Paz,Rangoon,18349
7297,La Paz,Reykjavk,9787
7298,La Paz,Rio de Janeiro,2727
7299,La Paz,Rome,10487
7300,La Paz,Salvador,3238
7301,La Paz,Santiago,1907
7302,La Paz,St. Petersburg,12065
7303,La Paz,So Paulo,2411
7304,La Paz,Shanghai,18099
7305,La Paz,Singapore,18123
7306,La Paz,Sofia,11374
7307,La Paz,Stockholm,11373
7308,La Paz,Sydney,13026
7309,La Paz,Tananarive,11984
7310,La Paz,Teheran,13763
7311,La Paz,Tokyo,16508
7312,La Paz,Tripoli,10236
7313,La Paz,Venice,10600
7314,La Paz,Veracruz,4992
7315,La Paz,Vienna,10981
7316,La Paz,Vladivostok,16474
7317,La Paz,Warsaw,11403
7318,La Paz,Wellington,10893
7319,La Paz,Zrich,10395
7320,Leeds,Aberdeen,380
7321,Leeds,Adelaide,16286
7322,Leeds,Algiers,1912
7323,Leeds,Amsterdam,453
7324,Leeds,Ankara,2993
7325,Leeds,Asuncin,10302
7326,Leeds,Athens,2600
7327,Leeds,Auckland,18115
7328,Leeds,Bangkok,9546
7329,Leeds,Barcelona,1401
7330,Leeds,Beijing,8031
7331,Leeds,Belm,7506
7332,Leeds,Belfast,304
7333,Leeds,Belgrade,1866
7334,Leeds,Berlin,1003
7335,Leeds,Birmingham,150
7336,Leeds,Bogot,8473
7337,Leeds,Bombay,7289
7338,Leeds,Bordeaux,994
7339,Leeds,Bremen,687
7340,Leeds,Brisbane,16434
7341,Leeds,Bristol,264
7342,Leeds,Brussels,511
7343,Leeds,Bucharest,2243
7344,Leeds,Budapest,1601
7345,Leeds,Buenos Aires,11236
7346,Leeds,Cairo,3727
7347,Leeds,Calcutta,7996
7348,Leeds,Canton,9440
7349,Leeds,Cape Town,9934
7350,Leeds,Caracas,7473
7351,Leeds,Cayenne,7104
7352,Leeds,Chihuahua,8361
7353,Leeds,Chongqing,8455
7354,Leeds,Copenhagen,926
7355,Leeds,Crdoba,11221
7356,Leeds,Dakar,4564
7357,Leeds,Darwin,13817
7358,Leeds,Djibouti,6114
7359,Leeds,Dublin,317
7360,Leeds,Durban,9808
7361,Leeds,Edinburgh,263
7362,Leeds,Frankfurt,805
7363,Leeds,Georgetown,7268
7364,Leeds,Glasgow,291
7365,Leeds,Guatemala City,8637
7366,Leeds,Guayaquil,9446
7367,Leeds,Hamburg,759
7368,Leeds,Hammerfest,2249
7369,Leeds,Havana,7364
7370,Leeds,Helsinki,1742
7371,Leeds,Hobart,17439
7372,Leeds,Hong Kong,9565
7373,Leeds,Iquique,10489
7374,Leeds,Irkutsk,6361
7375,Leeds,Jakarta,11766
7376,Leeds,Johannesburg,9334
7377,Leeds,Kingston,7444
7378,Leeds,Kinshasa,6641
7379,Leeds,Kuala Lumpur,10586
7380,Leeds,La Paz,10043
7381,Leeds,Leeds,0
7382,Leeds,Lima,10155
7383,Leeds,Lisbon,1767
7384,Leeds,Liverpool,105
7385,Leeds,London,264
7386,Leeds,Lyons,998
7387,Leeds,Madrid,1489
7388,Leeds,Manchester,56
7389,Leeds,Manila,10671
7390,Leeds,Marseilles,1261
7391,Leeds,Mazatln,8868
7392,Leeds,Mecca,4986
7393,Leeds,Melbourne,16911
7394,Leeds,Mexico City,8761
7395,Leeds,Milan,1198
7396,Leeds,Montevideo,11165
7397,Leeds,Moscow,2485
7398,Leeds,Munich,1106
7399,Leeds,Nagasaki,9319
7400,Leeds,Nagoya,9356
7401,Leeds,Nairobi,7082
7402,Leeds,Nanjing (Nanking),8890
7403,Leeds,Naples,1855
7404,Leeds,New Delhi,6762
7405,Leeds,Newcastle-on-Tyne,135
7406,Leeds,Odessa,2417
7407,Leeds,Osaka,9363
7408,Leeds,Oslo,1009
7409,Leeds,Panama City,8418
7410,Leeds,Paramaribo,7184
7411,Leeds,Paris,611
7412,Leeds,Perth,14577
7413,Leeds,Plymouth,410
7414,Leeds,Port Moresby,14349
7415,Leeds,Prague,1163
7416,Leeds,Rangoon,8985
7417,Leeds,Reykjavk,1628
7418,Leeds,Rio de Janeiro,9419
7419,Leeds,Rome,1673
7420,Leeds,Salvador,8199
7421,Leeds,Santiago,11749
7422,Leeds,St. Petersburg,2029
7423,Leeds,So Paulo,9615
7424,Leeds,Shanghai,9099
7425,Leeds,Singapore,10901
7426,Leeds,Sofia,2196
7427,Leeds,Stockholm,1341
7428,Leeds,Sydney,16940
7429,Leeds,Tananarive,9327
7430,Leeds,Teheran,4524
7431,Leeds,Tokyo,9397
7432,Leeds,Tripoli,2588
7433,Leeds,Venice,1355
7434,Leeds,Veracruz,8598
7435,Leeds,Vienna,1385
7436,Leeds,Vladivostok,8365
7437,Leeds,Warsaw,1508
7438,Leeds,Wellington,18601
7439,Leeds,Zrich,1001
7440,Lima,Aberdeen,10238
7441,Lima,Adelaide,13588
7442,Lima,Algiers,9938
7443,Lima,Amsterdam,10522
7444,Lima,Ankara,12555
7445,Lima,Asuncin,2511
7446,Lima,Athens,11760
7447,Lima,Auckland,10773
7448,Lima,Bangkok,19684
7449,Lima,Barcelona,10005
7450,Lima,Beijing,16641
7451,Lima,Belm,3358
7452,Lima,Belfast,9918
7453,Lima,Belgrade,11538
7454,Lima,Berlin,11093
7455,Lima,Birmingham,10080
7456,Lima,Bogot,1864
7457,Lima,Bombay,16695
7458,Lima,Bordeaux,9911
7459,Lima,Bremen,10797
7460,Lima,Brisbane,13052
7461,Lima,Bristol,10002
7462,Lima,Brussels,10447
7463,Lima,Bucharest,11978
7464,Lima,Budapest,11444
7465,Lima,Buenos Aires,3140
7466,Lima,Cairo,12429
7467,Lima,Calcutta,18075
7468,Lima,Canton,18368
7469,Lima,Cape Town,9755
7470,Lima,Caracas,2731
7471,Lima,Cayenne,3312
7472,Lima,Chihuahua,5490
7473,Lima,Chongqing,18004
7474,Lima,Copenhagen,11081
7475,Lima,Crdoba,2534
7476,Lima,Dakar,7199
7477,Lima,Darwin,15908
7478,Lima,Djibouti,13505
7479,Lima,Dublin,9845
7480,Lima,Durban,11013
7481,Lima,Edinburgh,10134
7482,Lima,Frankfurt,10727
7483,Lima,Georgetown,2942
7484,Lima,Glasgow,10067
7485,Lima,Guatemala City,3311
7486,Lima,Guayaquil,1139
7487,Lima,Hamburg,10886
7488,Lima,Hammerfest,11658
7489,Lima,Havana,3949
7490,Lima,Helsinki,11827
7491,Lima,Hobart,12430
7492,Lima,Hong Kong,18361
7493,Lima,Iquique,1170
7494,Lima,Irkutsk,15510
7495,Lima,Jakarta,17940
7496,Lima,Johannesburg,10882
7497,Lima,Kingston,3334
7498,Lima,Kinshasa,10159
7499,Lima,Kuala Lumpur,19019
7500,Lima,La Paz,1056
7501,Lima,Leeds,10155
7502,Lima,Lima,0
7503,Lima,Lisbon,9001
7504,Lima,Liverpool,10049
7505,Lima,London,10169
7506,Lima,Lyons,10341
7507,Lima,Madrid,9505
7508,Lima,Manchester,10099
7509,Lima,Manila,18048
7510,Lima,Marseilles,10314
7511,Lima,Mazatln,5054
7512,Lima,Mecca,13242
7513,Lima,Melbourne,12960
7514,Lima,Mexico City,4250
7515,Lima,Milan,10662
7516,Lima,Montevideo,3301
7517,Lima,Moscow,12638
7518,Lima,Munich,10896
7519,Lima,Nagasaki,16424
7520,Lima,Nagoya,15739
7521,Lima,Nairobi,12572
7522,Lima,Nanjing (Nanking),17254
7523,Lima,Naples,10983
7524,Lima,New Delhi,16769
7525,Lima,Newcastle-on-Tyne,10191
7526,Lima,Odessa,12333
7527,Lima,Osaka,15885
7528,Lima,Oslo,11035
7529,Lima,Panama City,2347
7530,Lima,Paramaribo,3114
7531,Lima,Paris,10246
7532,Lima,Perth,14938
7533,Lima,Plymouth,9864
7534,Lima,Port Moresby,14584
7535,Lima,Prague,11131
7536,Lima,Rangoon,19092
7537,Lima,Reykjavk,9637
7538,Lima,Rio de Janeiro,3778
7539,Lima,Rome,10852
7540,Lima,Salvador,4186
7541,Lima,Santiago,2470
7542,Lima,St. Petersburg,12122
7543,Lima,So Paulo,3466
7544,Lima,Shanghai,17160
7545,Lima,Singapore,18813
7546,Lima,Sofia,11751
7547,Lima,Stockholm,11440
7548,Lima,Sydney,12811
7549,Lima,Tananarive,13041
7550,Lima,Teheran,14257
7551,Lima,Tokyo,15485
7552,Lima,Tripoli,10750
7553,Lima,Venice,10905
7554,Lima,Veracruz,4050
7555,Lima,Vienna,11247
7556,Lima,Vladivostok,15566
7557,Lima,Warsaw,11604
7558,Lima,Wellington,10595
7559,Lima,Zrich,10655
7560,Lisbon,Aberdeen,2110
7561,Lisbon,Adelaide,17128
7562,Lisbon,Algiers,1087
7563,Lisbon,Amsterdam,1861
7564,Lisbon,Ankara,3587
7565,Lisbon,Asuncin,8721
7566,Lisbon,Athens,2851
7567,Lisbon,Auckland,19614
7568,Lisbon,Bangkok,10684
7569,Lisbon,Barcelona,1004
7570,Lisbon,Beijing,9666
7571,Lisbon,Belm,6009
7572,Lisbon,Belfast,1782
7573,Lisbon,Belgrade,2537
7574,Lisbon,Berlin,2311
7575,Lisbon,Birmingham,1620
7576,Lisbon,Bogot,7545
7577,Lisbon,Bombay,8019
7578,Lisbon,Bordeaux,985
7579,Lisbon,Bremen,2104
7580,Lisbon,Brisbane,17950
7581,Lisbon,Bristol,1505
7582,Lisbon,Brussels,1714
7583,Lisbon,Bucharest,2976
7584,Lisbon,Budapest,2472
7585,Lisbon,Buenos Aires,9597
7586,Lisbon,Cairo,3807
7587,Lisbon,Calcutta,9077
7588,Lisbon,Canton,10894
7589,Lisbon,Cape Town,8561
7590,Lisbon,Caracas,6512
7591,Lisbon,Cayenne,5749
7592,Lisbon,Chihuahua,8613
7593,Lisbon,Chongqing,9900
7594,Lisbon,Copenhagen,2476
7595,Lisbon,Crdoba,9657
7596,Lisbon,Dakar,2797
7597,Lisbon,Darwin,15115
7598,Lisbon,Djibouti,5961
7599,Lisbon,Dublin,1638
7600,Lisbon,Durban,8684
7601,Lisbon,Edinburgh,1961
7602,Lisbon,Frankfurt,1890
7603,Lisbon,Georgetown,6059
7604,Lisbon,Glasgow,1935
7605,Lisbon,Guatemala City,8257
7606,Lisbon,Guayaquil,8509
7607,Lisbon,Hamburg,2199
7608,Lisbon,Hammerfest,4016
7609,Lisbon,Havana,7014
7610,Lisbon,Helsinki,3362
7611,Lisbon,Hobart,17988
7612,Lisbon,Hong Kong,11023
7613,Lisbon,Iquique,9114
7614,Lisbon,Irkutsk,8018
7615,Lisbon,Jakarta,12682
7616,Lisbon,Johannesburg,8191
7617,Lisbon,Kingston,6853
7618,Lisbon,Kinshasa,5404
7619,Lisbon,Kuala Lumpur,11571
7620,Lisbon,La Paz,8687
7621,Lisbon,Leeds,1767
7622,Lisbon,Lima,9001
7623,Lisbon,Lisbon,0
7624,Lisbon,Liverpool,1698
7625,Lisbon,London,1588
7626,Lisbon,Lyons,1387
7627,Lisbon,Madrid,503
7628,Lisbon,Manchester,1723
7629,Lisbon,Manila,12141
7630,Lisbon,Marseilles,1315
7631,Lisbon,Mazatln,9010
7632,Lisbon,Mecca,5010
7633,Lisbon,Melbourne,17760
7634,Lisbon,Mexico City,8668
7635,Lisbon,Milan,1680
7636,Lisbon,Montevideo,9507
7637,Lisbon,Moscow,3904
7638,Lisbon,Munich,1964
7639,Lisbon,Nagasaki,11009
7640,Lisbon,Nagoya,11093
7641,Lisbon,Nairobi,6481
7642,Lisbon,Nanjing (Nanking),10487
7643,Lisbon,Naples,2007
7644,Lisbon,New Delhi,7777
7645,Lisbon,Newcastle-on-Tyne,1891
7646,Lisbon,Odessa,3342
7647,Lisbon,Osaka,11092
7648,Lisbon,Oslo,2738
7649,Lisbon,Panama City,7687
7650,Lisbon,Paramaribo,5900
7651,Lisbon,Paris,1446
7652,Lisbon,Perth,15045
7653,Lisbon,Plymouth,1358
7654,Lisbon,Port Moresby,15989
7655,Lisbon,Prague,2243
7656,Lisbon,Rangoon,10096
7657,Lisbon,Reykjavk,2940
7658,Lisbon,Rio de Janeiro,7721
7659,Lisbon,Rome,1859
7660,Lisbon,Salvador,6501
7661,Lisbon,Santiago,10233
7662,Lisbon,St. Petersburg,3615
7663,Lisbon,So Paulo,7940
7664,Lisbon,Shanghai,10714
7665,Lisbon,Singapore,11896
7666,Lisbon,Sofia,2755
7667,Lisbon,Stockholm,2984
7668,Lisbon,Sydney,18165
7669,Lisbon,Tananarive,8702
7670,Lisbon,Teheran,5300
7671,Lisbon,Tokyo,11146
7672,Lisbon,Tripoli,2108
7673,Lisbon,Venice,1915
7674,Lisbon,Veracruz,8438
7675,Lisbon,Vienna,2296
7676,Lisbon,Vladivostok,10103
7677,Lisbon,Warsaw,2758
7678,Lisbon,Wellington,19576
7679,Lisbon,Zrich,1719
7680,Liverpool,Aberdeen,418
7681,Liverpool,Adelaide,16392
7682,Liverpool,Algiers,1901
7683,Liverpool,Amsterdam,541
7684,Liverpool,Ankara,3079
7685,Liverpool,Asuncin,10203
7686,Liverpool,Athens,2666
7687,Liverpool,Auckland,18166
7688,Liverpool,Bangkok,9652
7689,Liverpool,Barcelona,1392
7690,Liverpool,Beijing,8128
7691,Liverpool,Belm,7405
7692,Liverpool,Belfast,233
7693,Liverpool,Belgrade,1945
7694,Liverpool,Berlin,1101
7695,Liverpool,Birmingham,132
7696,Liverpool,Bogot,8368
7697,Liverpool,Bombay,7388
7698,Liverpool,Bordeaux,971
7699,Liverpool,Bremen,786
7700,Liverpool,Brisbane,16530
7701,Liverpool,Bristol,218
7702,Liverpool,Brussels,576
7703,Liverpool,Bucharest,2329
7704,Liverpool,Budapest,1687
7705,Liverpool,Buenos Aires,11140
7706,Liverpool,Cairo,3793
7707,Liverpool,Calcutta,8101
7708,Liverpool,Canton,9543
7709,Liverpool,Cape Town,9927
7710,Liverpool,Caracas,7368
7711,Liverpool,Cayenne,7000
7712,Liverpool,Chihuahua,8291
7713,Liverpool,Chongqing,8559
7714,Liverpool,Copenhagen,1032
7715,Liverpool,Crdoba,11121
7716,Liverpool,Dakar,4491
7717,Liverpool,Darwin,13922
7718,Liverpool,Djibouti,6178
7719,Liverpool,Dublin,215
7720,Liverpool,Durban,9823
7721,Liverpool,Edinburgh,278
7722,Liverpool,Frankfurt,882
7723,Liverpool,Georgetown,7163
7724,Liverpool,Glasgow,280
7725,Liverpool,Guatemala City,8544
7726,Liverpool,Guayaquil,9341
7727,Liverpool,Hamburg,861
7728,Liverpool,Hammerfest,2323
7729,Liverpool,Havana,7270
7730,Liverpool,Helsinki,1844
7731,Liverpool,Hobart,17544
7732,Liverpool,Hong Kong,9667
7733,Liverpool,Iquique,10385
7734,Liverpool,Irkutsk,6456
7735,Liverpool,Jakarta,11870
7736,Liverpool,Johannesburg,9346
7737,Liverpool,Kingston,7344
7738,Liverpool,Kinshasa,6641
7739,Liverpool,Kuala Lumpur,10691
7740,Liverpool,La Paz,9938
7741,Liverpool,Leeds,105
7742,Liverpool,Lima,10049
7743,Liverpool,Lisbon,1698
7744,Liverpool,Liverpool,0
7745,Liverpool,London,287
7746,Liverpool,Lyons,1021
7747,Liverpool,Madrid,1444
7748,Liverpool,Manchester,50
7749,Liverpool,Manila,10773
7750,Liverpool,Marseilles,1277
7751,Liverpool,Mazatln,8794
7752,Liverpool,Mecca,5055
7753,Liverpool,Melbourne,17016
7754,Liverpool,Mexico City,8677
7755,Liverpool,Milan,1245
7756,Liverpool,Montevideo,11070
7757,Liverpool,Moscow,2591
7758,Liverpool,Munich,1178
7759,Liverpool,Nagasaki,9410
7760,Liverpool,Nagoya,9440
7761,Liverpool,Nairobi,7125
7762,Liverpool,Nanjing (Nanking),8988
7763,Liverpool,Naples,1903
7764,Liverpool,New Delhi,6866
7765,Liverpool,Newcastle-on-Tyne,194
7766,Liverpool,Odessa,2512
7767,Liverpool,Osaka,9449
7768,Liverpool,Oslo,1104
7769,Liverpool,Panama City,8316
7770,Liverpool,Paramaribo,7080
7771,Liverpool,Paris,633
7772,Liverpool,Perth,14677
7773,Liverpool,Plymouth,341
7774,Liverpool,Port Moresby,14442
7775,Liverpool,Prague,1252
7776,Liverpool,Rangoon,9091
7777,Liverpool,Reykjavk,1600
7778,Liverpool,Rio de Janeiro,9330
7779,Liverpool,Rome,1718
7780,Liverpool,Salvador,8109
7781,Liverpool,Santiago,11647
7782,Liverpool,St. Petersburg,2132
7783,Liverpool,So Paulo,9523
7784,Liverpool,Shanghai,9196
7785,Liverpool,Singapore,11006
7786,Liverpool,Sofia,2274
7787,Liverpool,Stockholm,1443
7788,Liverpool,Sydney,17042
7789,Liverpool,Tananarive,9374
7790,Liverpool,Teheran,4620
7791,Liverpool,Tokyo,9479
7792,Liverpool,Tripoli,2613
7793,Liverpool,Venice,1415
7794,Liverpool,Veracruz,8512
7795,Liverpool,Vienna,1469
7796,Liverpool,Vladivostok,8450
7797,Liverpool,Warsaw,1610
7798,Liverpool,Wellington,18655
7799,Liverpool,Zrich,1056
7800,London,Aberdeen,638
7801,London,Adelaide,16259
7802,London,Algiers,1652
7803,London,Amsterdam,352
7804,London,Ankara,2836
7805,London,Asuncin,10213
7806,London,Athens,2391
7807,London,Auckland,18334
7808,London,Bangkok,9528
7809,London,Barcelona,1141
7810,London,Beijing,8136
7811,London,Belm,7435
7812,London,Belfast,519
7813,London,Belgrade,1690
7814,London,Berlin,928
7815,London,Birmingham,159
7816,London,Bogot,8521
7817,London,Bombay,7189
7818,London,Bordeaux,745
7819,London,Bremen,628
7820,London,Brisbane,16528
7821,London,Bristol,173
7822,London,Brussels,318
7823,London,Bucharest,2090
7824,London,Budapest,1449
7825,London,Buenos Aires,11129
7826,London,Cairo,3517
7827,London,Calcutta,7961
7828,London,Canton,9492
7829,London,Cape Town,9671
7830,London,Caracas,7512
7831,London,Cayenne,7065
7832,London,Chihuahua,8565
7833,London,Chongqing,8502
7834,London,Copenhagen,950
7835,London,Crdoba,11139
7836,London,Dakar,4382
7837,London,Darwin,13848
7838,London,Djibouti,5900
7839,London,Dublin,463
7840,London,Durban,9546
7841,London,Edinburgh,527
7842,London,Frankfurt,635
7843,London,Georgetown,7261
7844,London,Glasgow,551
7845,London,Guatemala City,8769
7846,London,Guayaquil,9497
7847,London,Hamburg,719
7848,London,Hammerfest,2440
7849,London,Havana,7494
7850,London,Helsinki,1819
7851,London,Hobart,17397
7852,London,Hong Kong,9618
7853,London,Iquique,10457
7854,London,Irkutsk,6472
7855,London,Jakarta,11716
7856,London,Johannesburg,9071
7857,London,Kingston,7541
7858,London,Kinshasa,6377
7859,London,Kuala Lumpur,10543
7860,London,La Paz,10013
7861,London,Leeds,264
7862,London,Lima,10169
7863,London,Lisbon,1588
7864,London,Liverpool,287
7865,London,London,0
7866,London,Lyons,737
7867,London,Madrid,1265
7868,London,Manchester,263
7869,London,Manila,10730
7870,London,Marseilles,998
7871,London,Mazatln,9063
7872,London,Mecca,4782
7873,London,Melbourne,16897
7874,London,Mexico City,8929
7875,London,Milan,958
7876,London,Montevideo,11051
7877,London,Moscow,2495
7878,London,Munich,916
7879,London,Nagasaki,9447
7880,London,Nagoya,9509
7881,London,Nairobi,6837
7882,London,Nanjing (Nanking),8982
7883,London,Naples,1617
7884,London,New Delhi,6709
7885,London,Newcastle-on-Tyne,395
7886,London,Odessa,2304
7887,London,Osaka,9511
7888,London,Oslo,1150
7889,London,Panama City,8499
7890,London,Paramaribo,7161
7891,London,Paris,349
7892,London,Perth,14476
7893,London,Plymouth,306
7894,London,Port Moresby,14465
7895,London,Prague,1030
7896,London,Rangoon,8960
7897,London,Reykjavk,1884
7898,London,Rio de Janeiro,9287
7899,London,Rome,1431
7900,London,Salvador,8065
7901,London,Santiago,11683
7902,London,St. Petersburg,2094
7903,London,So Paulo,9492
7904,London,Shanghai,9198
7905,London,Singapore,10861
7906,London,Sofia,2015
7907,London,Stockholm,1425
7908,London,Sydney,16988
7909,London,Tananarive,9086
7910,London,Teheran,4414
7911,London,Tokyo,9559
7912,London,Tripoli,2329
7913,London,Venice,1136
7914,London,Veracruz,8758
7915,London,Vienna,1229
7916,London,Vladivostok,8518
7917,London,Warsaw,1444
7918,London,Wellington,18810
7919,London,Zrich,775
7920,Lyons,Aberdeen,1355
7921,Lyons,Adelaide,15977
7922,Lyons,Algiers,1003
7923,Lyons,Amsterdam,735
7924,Lyons,Ankara,2366
7925,Lyons,Asuncin,10097
7926,Lyons,Athens,1781
7927,Lyons,Auckland,18719
7928,Lyons,Bangkok,9348
7929,Lyons,Barcelona,531
7930,Lyons,Beijing,8313
7931,Lyons,Belm,7397
7932,Lyons,Belfast,1245
7933,Lyons,Belgrade,1229
7934,Lyons,Berlin,975
7935,Lyons,Birmingham,888
7936,Lyons,Bogot,8800
7937,Lyons,Bombay,6812
7938,Lyons,Bordeaux,430
7939,Lyons,Bremen,864
7940,Lyons,Brisbane,16569
7941,Lyons,Bristol,836
7942,Lyons,Brussels,569
7943,Lyons,Bucharest,1672
7944,Lyons,Budapest,1103
7945,Lyons,Buenos Aires,10951
7946,Lyons,Cairo,2887
7947,Lyons,Calcutta,7749
7948,Lyons,Canton,9507
7949,Lyons,Cape Town,8962
7950,Lyons,Caracas,7772
7951,Lyons,Cayenne,7122
7952,Lyons,Chihuahua,9213
7953,Lyons,Chongqing,8512
7954,Lyons,Copenhagen,1228
7955,Lyons,Crdoba,11035
7956,Lyons,Dakar,4036
7957,Lyons,Darwin,13758
7958,Lyons,Djibouti,5243
7959,Lyons,Dublin,1159
7960,Lyons,Durban,8811
7961,Lyons,Edinburgh,1260
7962,Lyons,Frankfurt,563
7963,Lyons,Georgetown,7400
7964,Lyons,Glasgow,1287
7965,Lyons,Guatemala City,9255
7966,Lyons,Guayaquil,9774
7967,Lyons,Hamburg,944
7968,Lyons,Hammerfest,2948
7969,Lyons,Havana,7982
7970,Lyons,Helsinki,2078
7971,Lyons,Hobart,17040
7972,Lyons,Hong Kong,9635
7973,Lyons,Iquique,10497
7974,Lyons,Irkutsk,6685
7975,Lyons,Jakarta,11433
7976,Lyons,Johannesburg,8337
7977,Lyons,Kingston,7948
7978,Lyons,Kinshasa,5660
7979,Lyons,Kuala Lumpur,10288
7980,Lyons,La Paz,10067
7981,Lyons,Leeds,998
7982,Lyons,Lima,10341
7983,Lyons,Lisbon,1387
7984,Lyons,Liverpool,1021
7985,Lyons,London,737
7986,Lyons,Lyons,0
7987,Lyons,Madrid,909
7988,Lyons,Manchester,1000
7989,Lyons,Manila,10754
7990,Lyons,Marseilles,271
7991,Lyons,Mazatln,9690
7992,Lyons,Mecca,4155
7993,Lyons,Melbourne,16630
7994,Lyons,Mexico City,9499
7995,Lyons,Milan,338
7996,Lyons,Montevideo,10851
7997,Lyons,Moscow,2527
7998,Lyons,Munich,576
7999,Lyons,Nagasaki,9684
8000,Lyons,Nagoya,9820
8001,Lyons,Nairobi,6117
8002,Lyons,Nanjing (Nanking),9118
8003,Lyons,Naples,936
8004,Lyons,New Delhi,6461
8005,Lyons,Newcastle-on-Tyne,1121
8006,Lyons,Odessa,1994
8007,Lyons,Osaka,9807
8008,Lyons,Oslo,1625
8009,Lyons,Panama City,8858
8010,Lyons,Paramaribo,7259
8011,Lyons,Paris,388
8012,Lyons,Perth,14040
8013,Lyons,Plymouth,840
8014,Lyons,Port Moresby,14615
8015,Lyons,Prague,861
8016,Lyons,Rangoon,8764
8017,Lyons,Reykjavk,2621
8018,Lyons,Rio de Janeiro,9045
8019,Lyons,Rome,745
8020,Lyons,Salvador,7832
8021,Lyons,Santiago,11617
8022,Lyons,St. Petersburg,2299
8023,Lyons,So Paulo,9280
8024,Lyons,Shanghai,9349
8025,Lyons,Singapore,10611
8026,Lyons,Sofia,1510
8027,Lyons,Stockholm,1743
8028,Lyons,Sydney,16876
8029,Lyons,Tananarive,8371
8030,Lyons,Teheran,4042
8031,Lyons,Tokyo,9896
8032,Lyons,Tripoli,1592
8033,Lyons,Venice,584
8034,Lyons,Veracruz,9309
8035,Lyons,Vienna,913
8036,Lyons,Vladivostok,8837
8037,Lyons,Warsaw,1377
8038,Lyons,Wellington,19065
8039,Lyons,Zrich,333
8040,Madrid,Aberdeen,1862
8041,Madrid,Adelaide,16666
8042,Madrid,Algiers,706
8043,Madrid,Amsterdam,1478
8044,Madrid,Ankara,3088
8045,Madrid,Asuncin,9187
8046,Madrid,Athens,2368
8047,Madrid,Auckland,19596
8048,Madrid,Bangkok,10180
8049,Madrid,Barcelona,502
8050,Madrid,Beijing,9220
8051,Madrid,Belm,6497
8052,Madrid,Belfast,1585
8053,Madrid,Belgrade,2033
8054,Madrid,Berlin,1866
8055,Madrid,Birmingham,1339
8056,Madrid,Bogot,8040
8057,Madrid,Bombay,7529
8058,Madrid,Bordeaux,554
8059,Madrid,Bremen,1693
8060,Madrid,Brisbane,17451
8061,Madrid,Bristol,1229
8062,Madrid,Brussels,1316
8063,Madrid,Bucharest,2472
8064,Madrid,Budapest,1976
8065,Madrid,Buenos Aires,10043
8066,Madrid,Cairo,3360
8067,Madrid,Calcutta,8573
8068,Madrid,Canton,10406
8069,Madrid,Cape Town,8571
8070,Madrid,Caracas,7007
8071,Madrid,Cayenne,6251
8072,Madrid,Chihuahua,8936
8073,Madrid,Chongqing,9413
8074,Madrid,Copenhagen,2070
8075,Madrid,Crdoba,10125
8076,Madrid,Dakar,3161
8077,Madrid,Darwin,14611
8078,Madrid,Djibouti,5579
8079,Madrid,Dublin,1447
8080,Madrid,Durban,8593
8081,Madrid,Edinburgh,1722
8082,Madrid,Frankfurt,1444
8083,Madrid,Georgetown,6563
8084,Madrid,Glasgow,1712
8085,Madrid,Guatemala City,8694
8086,Madrid,Guayaquil,9006
8087,Madrid,Hamburg,1785
8088,Madrid,Hammerfest,3699
8089,Madrid,Havana,7440
8090,Madrid,Helsinki,2949
8091,Madrid,Hobart,17603
8092,Madrid,Hong Kong,10535
8093,Madrid,Iquique,9610
8094,Madrid,Irkutsk,7585
8095,Madrid,Jakarta,12189
8096,Madrid,Johannesburg,8104
8097,Madrid,Kingston,7312
8098,Madrid,Kinshasa,5337
8099,Madrid,Kuala Lumpur,11072
8100,Madrid,La Paz,9185
8101,Madrid,Leeds,1489
8102,Madrid,Lima,9505
8103,Madrid,Lisbon,503
8104,Madrid,Liverpool,1444
8105,Madrid,London,1265
8106,Madrid,Lyons,909
8107,Madrid,Madrid,0
8108,Madrid,Manchester,1457
8109,Madrid,Manila,11653
8110,Madrid,Marseilles,813
8111,Madrid,Mazatln,9359
8112,Madrid,Mecca,4587
8113,Madrid,Melbourne,17309
8114,Madrid,Mexico City,9060
8115,Madrid,Milan,1184
8116,Madrid,Montevideo,9947
8117,Madrid,Moscow,3437
8118,Madrid,Munich,1483
8119,Madrid,Nagasaki,10583
8120,Madrid,Nagoya,10698
8121,Madrid,Nairobi,6208
8122,Madrid,Nanjing (Nanking),10028
8123,Madrid,Naples,1512
8124,Madrid,New Delhi,7274
8125,Madrid,Newcastle-on-Tyne,1623
8126,Madrid,Odessa,2840
8127,Madrid,Osaka,10690
8128,Madrid,Oslo,2388
8129,Madrid,Panama City,8165
8130,Madrid,Paramaribo,6404
8131,Madrid,Paris,1044
8132,Madrid,Perth,14615
8133,Madrid,Plymouth,1110
8134,Madrid,Port Moresby,15525
8135,Madrid,Prague,1771
8136,Madrid,Rangoon,9592
8137,Madrid,Reykjavk,2882
8138,Madrid,Rio de Janeiro,8146
8139,Madrid,Rome,1359
8140,Madrid,Salvador,6930
8141,Madrid,Santiago,10710
8142,Madrid,St. Petersburg,3187
8143,Madrid,So Paulo,8376
8144,Madrid,Shanghai,10259
8145,Madrid,Singapore,11396
8146,Madrid,Sofia,2253
8147,Madrid,Stockholm,2586
8148,Madrid,Sydney,17672
8149,Madrid,Tananarive,8453
8150,Madrid,Teheran,4800
8151,Madrid,Tokyo,10765
8152,Madrid,Tripoli,1717
8153,Madrid,Venice,1415
8154,Madrid,Veracruz,8841
8155,Madrid,Vienna,1806
8156,Madrid,Vladivostok,9712
8157,Madrid,Warsaw,2287
8158,Madrid,Wellington,19856
8159,Madrid,Zrich,1242
8160,Manchester,Aberdeen,405
8161,Manchester,Adelaide,16342
8162,Manchester,Algiers,1897
8163,Manchester,Amsterdam,494
8164,Manchester,Ankara,3033
8165,Manchester,Asuncin,10246
8166,Manchester,Athens,2627
8167,Manchester,Auckland,18151
8168,Manchester,Bangkok,9602
8169,Manchester,Barcelona,1386
8170,Manchester,Beijing,8086
8171,Manchester,Belm,7449
8172,Manchester,Belfast,270
8173,Manchester,Belgrade,1901
8174,Manchester,Berlin,1052
8175,Manchester,Birmingham,122
8176,Manchester,Bogot,8418
8177,Manchester,Bombay,7338
8178,Manchester,Bordeaux,971
8179,Manchester,Bremen,736
8180,Manchester,Brisbane,16488
8181,Manchester,Bristol,227
8182,Manchester,Brussels,537
8183,Manchester,Bucharest,2283
8184,Manchester,Budapest,1641
8185,Manchester,Buenos Aires,11181
8186,Manchester,Cairo,3755
8187,Manchester,Calcutta,8051
8188,Manchester,Canton,9496
8189,Manchester,Cape Town,9921
8190,Manchester,Caracas,7418
8191,Manchester,Cayenne,7047
8192,Manchester,Chihuahua,8330
8193,Manchester,Chongqing,8512
8194,Manchester,Copenhagen,982
8195,Manchester,Crdoba,11165
8196,Manchester,Dakar,4519
8197,Manchester,Darwin,13874
8198,Manchester,Djibouti,6141
8199,Manchester,Dublin,265
8200,Manchester,Durban,9807
8201,Manchester,Edinburgh,275
8202,Manchester,Frankfurt,839
8203,Manchester,Georgetown,7212
8204,Manchester,Glasgow,289
8205,Manchester,Guatemala City,8592
8206,Manchester,Guayaquil,9392
8207,Manchester,Hamburg,810
8208,Manchester,Hammerfest,2294
8209,Manchester,Havana,7319
8210,Manchester,Helsinki,1798
8211,Manchester,Hobart,17494
8212,Manchester,Hong Kong,9621
8213,Manchester,Iquique,10433
8214,Manchester,Irkutsk,6415
8215,Manchester,Jakarta,11820
8216,Manchester,Johannesburg,9332
8217,Manchester,Kingston,7394
8218,Manchester,Kinshasa,6632
8219,Manchester,Kuala Lumpur,10640
8220,Manchester,La Paz,9986
8221,Manchester,Leeds,56
8222,Manchester,Lima,10099
8223,Manchester,Lisbon,1723
8224,Manchester,Liverpool,50
8225,Manchester,London,263
8226,Manchester,Lyons,1000
8227,Manchester,Madrid,1457
8228,Manchester,Manchester,0
8229,Manchester,Manila,10727
8230,Manchester,Marseilles,1259
8231,Manchester,Mazatln,8835
8232,Manchester,Mecca,5016
8233,Manchester,Melbourne,16967
8234,Manchester,Mexico City,8722
8235,Manchester,Milan,1214
8236,Manchester,Montevideo,11111
8237,Manchester,Moscow,2541
8238,Manchester,Munich,1137
8239,Manchester,Nagasaki,9371
8240,Manchester,Nagoya,9406
8241,Manchester,Nairobi,7096
8242,Manchester,Nanjing (Nanking),8945
8243,Manchester,Naples,1872
8244,Manchester,New Delhi,6816
8245,Manchester,Newcastle-on-Tyne,168
8246,Manchester,Odessa,2464
8247,Manchester,Osaka,9414
8248,Manchester,Oslo,1063
8249,Manchester,Panama City,8367
8250,Manchester,Paramaribo,7128
8251,Manchester,Paris,612
8252,Manchester,Perth,14627
8253,Manchester,Plymouth,365
8254,Manchester,Port Moresby,14403
8255,Manchester,Prague,1205
8256,Manchester,Rangoon,9041
8257,Manchester,Reykjavk,1621
8258,Manchester,Rio de Janeiro,9367
8259,Manchester,Rome,1688
8260,Manchester,Salvador,8146
8261,Manchester,Santiago,11692
8262,Manchester,St. Petersburg,2085
8263,Manchester,So Paulo,9562
8264,Manchester,Shanghai,9154
8265,Manchester,Singapore,10955
8266,Manchester,Sofia,2231
8267,Manchester,Stockholm,1397
8268,Manchester,Sydney,16996
8269,Manchester,Tananarive,9344
8270,Manchester,Teheran,4571
8271,Manchester,Tokyo,9446
8272,Manchester,Tripoli,2592
8273,Manchester,Venice,1379
8274,Manchester,Veracruz,8558
8275,Manchester,Vienna,1424
8276,Manchester,Vladivostok,8416
8277,Manchester,Warsaw,1559
8278,Manchester,Wellington,18638
8279,Manchester,Zrich,1022
8280,Manila,Aberdeen,10486
8281,Manila,Adelaide,5810
8282,Manila,Algiers,11369
8283,Manila,Amsterdam,10391
8284,Manila,Ankara,8808
8285,Manila,Asuncin,18820
8286,Manila,Athens,9632
8287,Manila,Auckland,8024
8288,Manila,Bangkok,2205
8289,Manila,Barcelona,11182
8290,Manila,Beijing,2851
8291,Manila,Belm,18151
8292,Manila,Belfast,10844
8293,Manila,Belgrade,9665
8294,Manila,Berlin,9865
8295,Manila,Birmingham,10779
8296,Manila,Bogot,17308
8297,Manila,Bombay,5134
8298,Manila,Bordeaux,11165
8299,Manila,Bremen,10120
8300,Manila,Brisbane,5824
8301,Manila,Bristol,10877
8302,Manila,Brussels,10505
8303,Manila,Bucharest,9254
8304,Manila,Budapest,9681
8305,Manila,Buenos Aires,17790
8306,Manila,Cairo,9164
8307,Manila,Calcutta,3535
8308,Manila,Canton,1247
8309,Manila,Cape Town,12052
8310,Manila,Caracas,17093
8311,Manila,Cayenne,17733
8312,Manila,Chihuahua,13041
8313,Manila,Chongqing,2241
8314,Manila,Copenhagen,9779
8315,Manila,Crdoba,18066
8316,Manila,Dakar,14403
8317,Manila,Darwin,3199
8318,Manila,Djibouti,8404
8319,Manila,Dublin,10950
8320,Manila,Durban,10815
8321,Manila,Edinburgh,10617
8322,Manila,Frankfurt,10274
8323,Manila,Georgetown,17641
8324,Manila,Glasgow,10677
8325,Manila,Guatemala City,15269
8326,Manila,Guayaquil,17339
8327,Manila,Hamburg,10025
8328,Manila,Hammerfest,8746
8329,Manila,Havana,15112
8330,Manila,Helsinki,8928
8331,Manila,Hobart,6931
8332,Manila,Hong Kong,1118
8333,Manila,Iquique,18687
8334,Manila,Irkutsk,4465
8335,Manila,Jakarta,2794
8336,Manila,Johannesburg,10998
8337,Manila,Kingston,15903
8338,Manila,Kinshasa,11812
8339,Manila,Kuala Lumpur,2465
8340,Manila,La Paz,18995
8341,Manila,Leeds,10671
8342,Manila,Lima,18048
8343,Manila,Lisbon,12141
8344,Manila,Liverpool,10773
8345,Manila,London,10730
8346,Manila,Lyons,10754
8347,Manila,Madrid,11653
8348,Manila,Manchester,10727
8349,Manila,Manila,0
8350,Manila,Marseilles,10848
8351,Manila,Mazatln,13367
8352,Manila,Mecca,8529
8353,Manila,Melbourne,6340
8354,Manila,Mexico City,14224
8355,Manila,Milan,10469
8356,Manila,Montevideo,17739
8357,Manila,Moscow,8257
8358,Manila,Munich,10177
8359,Manila,Nagasaki,2220
8360,Manila,Nagoya,2786
8361,Manila,Nairobi,9405
8362,Manila,Nanjing (Nanking),1953
8363,Manila,Naples,10299
8364,Manila,New Delhi,4753
8365,Manila,Newcastle-on-Tyne,10600
8366,Manila,Odessa,8849
8367,Manila,Osaka,2654
8368,Manila,Oslo,9687
8369,Manila,Panama City,16556
8370,Manila,Paramaribo,17715
8371,Manila,Paris,10747
8372,Manila,Perth,5202
8373,Manila,Plymouth,11030
8374,Manila,Port Moresby,3931
8375,Manila,Prague,9901
8376,Manila,Rangoon,2680
8377,Manila,Reykjavk,10717
8378,Manila,Rio de Janeiro,18106
8379,Manila,Rome,10392
8380,Manila,Salvador,17783
8381,Manila,Santiago,17606
8382,Manila,St. Petersburg,8643
8383,Manila,So Paulo,18366
8384,Manila,Shanghai,1844
8385,Manila,Singapore,2388
8386,Manila,Sofia,9520
8387,Manila,Stockholm,9330
8388,Manila,Sydney,6269
8389,Manila,Tananarive,8851
8390,Manila,Teheran,7203
8391,Manila,Tokyo,3000
8392,Manila,Tripoli,10713
8393,Manila,Venice,10246
8394,Manila,Veracruz,14484
8395,Manila,Vienna,9847
8396,Manila,Vladivostok,3348
8397,Manila,Warsaw,9390
8398,Manila,Wellington,8311
8399,Manila,Zrich,10422
8400,Marseilles,Aberdeen,1623
8401,Marseilles,Adelaide,15932
8402,Marseilles,Algiers,749
8403,Marseilles,Amsterdam,1005
8404,Marseilles,Ankara,2313
8405,Marseilles,Asuncin,9969
8406,Marseilles,Athens,1657
8407,Marseilles,Auckland,18864
8408,Marseilles,Bangkok,9372
8409,Marseilles,Barcelona,339
8410,Marseilles,Beijing,8465
8411,Marseilles,Belm,7304
8412,Marseilles,Belfast,1496
8413,Marseilles,Belgrade,1223
8414,Marseilles,Berlin,1182
8415,Marseilles,Birmingham,1144
8416,Marseilles,Bogot,8819
8417,Marseilles,Bombay,6767
8418,Marseilles,Bordeaux,496
8419,Marseilles,Bremen,1114
8420,Marseilles,Brisbane,16637
8421,Marseilles,Bristol,1081
8422,Marseilles,Brussels,840
8423,Marseilles,Bucharest,1665
8424,Marseilles,Budapest,1166
8425,Marseilles,Buenos Aires,10800
8426,Marseilles,Cairo,2733
8427,Marseilles,Calcutta,7767
8428,Marseilles,Canton,9601
8429,Marseilles,Cape Town,8691
8430,Marseilles,Caracas,7788
8431,Marseilles,Cayenne,7064
8432,Marseilles,Chihuahua,9398
8433,Marseilles,Chongqing,8609
8434,Marseilles,Copenhagen,1465
8435,Marseilles,Crdoba,10908
8436,Marseilles,Dakar,3855
8437,Marseilles,Darwin,13800
8438,Marseilles,Djibouti,5061
8439,Marseilles,Dublin,1399
8440,Marseilles,Durban,8548
8441,Marseilles,Edinburgh,1524
8442,Marseilles,Frankfurt,796
8443,Marseilles,Georgetown,7371
8444,Marseilles,Glasgow,1548
8445,Marseilles,Guatemala City,9360
8446,Marseilles,Guayaquil,9790
8447,Marseilles,Hamburg,1187
8448,Marseilles,Hammerfest,3200
8449,Marseilles,Havana,8091
8450,Marseilles,Helsinki,2290
8451,Marseilles,Hobart,16955
8452,Marseilles,Hong Kong,9731
8453,Marseilles,Iquique,10422
8454,Marseilles,Irkutsk,6852
8455,Marseilles,Jakarta,11411
8456,Marseilles,Johannesburg,8073
8457,Marseilles,Kingston,8023
8458,Marseilles,Kinshasa,5390
8459,Marseilles,Kuala Lumpur,10281
8460,Marseilles,La Paz,9998
8461,Marseilles,Leeds,1261
8462,Marseilles,Lima,10314
8463,Marseilles,Lisbon,1315
8464,Marseilles,Liverpool,1277
8465,Marseilles,London,998
8466,Marseilles,Lyons,271
8467,Marseilles,Madrid,813
8468,Marseilles,Manchester,1259
8469,Marseilles,Manila,10848
8470,Marseilles,Marseilles,0
8471,Marseilles,Mazatln,9863
8472,Marseilles,Mecca,3995
8473,Marseilles,Melbourne,16583
8474,Marseilles,Mexico City,9643
8475,Marseilles,Milan,384
8476,Marseilles,Montevideo,10695
8477,Marseilles,Moscow,2671
8478,Marseilles,Munich,720
8479,Marseilles,Nagasaki,9851
8480,Marseilles,Nagoya,10009
8481,Marseilles,Nairobi,5888
8482,Marseilles,Nanjing (Nanking),9255
8483,Marseilles,Naples,786
8484,Marseilles,New Delhi,6470
8485,Marseilles,Newcastle-on-Tyne,1387
8486,Marseilles,Odessa,2026
8487,Marseilles,Osaka,9991
8488,Marseilles,Oslo,1882
8489,Marseilles,Panama City,8911
8490,Marseilles,Paramaribo,7216
8491,Marseilles,Paris,650
8492,Marseilles,Perth,13946
8493,Marseilles,Plymouth,1062
8494,Marseilles,Port Moresby,14738
8495,Marseilles,Prague,1020
8496,Marseilles,Rangoon,8785
8497,Marseilles,Reykjavk,2876
8498,Marseilles,Rio de Janeiro,8880
8499,Marseilles,Rome,603
8500,Marseilles,Salvador,7673
8501,Marseilles,Santiago,11502
8502,Marseilles,St. Petersburg,2495
8503,Marseilles,So Paulo,9124
8504,Marseilles,Shanghai,9490
8505,Marseilles,Singapore,10605
8506,Marseilles,Sofia,1462
8507,Marseilles,Stockholm,1973
8508,Marseilles,Sydney,16884
8509,Marseilles,Tananarive,8144
8510,Marseilles,Teheran,4015
8511,Marseilles,Tokyo,10093
8512,Marseilles,Tripoli,1342
8513,Marseilles,Venice,603
8514,Marseilles,Veracruz,9444
8515,Marseilles,Vienna,1010
8516,Marseilles,Vladivostok,9031
8517,Marseilles,Warsaw,1527
8518,Marseilles,Wellington,19118
8519,Marseilles,Zrich,511
8520,Mazatln,Aberdeen,8672
8521,Mazatln,Adelaide,13670
8522,Mazatln,Algiers,10061
8523,Mazatln,Amsterdam,9317
8524,Mazatln,Ankara,11828
8525,Mazatln,Asuncin,7523
8526,Mazatln,Athens,11451
8527,Mazatln,Auckland,10606
8528,Mazatln,Bangkok,14969
8529,Mazatln,Barcelona,9747
8530,Mazatln,Beijing,11710
8531,Mazatln,Belm,6834
8532,Mazatln,Belfast,8565
8533,Mazatln,Belgrade,10733
8534,Mazatln,Berlin,9789
8535,Mazatln,Birmingham,8907
8536,Mazatln,Bogot,4027
8537,Mazatln,Bombay,15321
8538,Mazatln,Bordeaux,9374
8539,Mazatln,Bremen,9499
8540,Mazatln,Brisbane,12148
8541,Mazatln,Bristol,8911
8542,Mazatln,Brussels,9371
8543,Mazatln,Bucharest,11083
8544,Mazatln,Budapest,10454
8545,Mazatln,Buenos Aires,8184
8546,Mazatln,Cairo,12573
8547,Mazatln,Calcutta,14679
8548,Mazatln,Canton,13314
8549,Mazatln,Cape Town,14557
8550,Mazatln,Caracas,4406
8551,Mazatln,Cayenne,6144
8552,Mazatln,Chihuahua,603
8553,Mazatln,Chongqing,13151
8554,Mazatln,Copenhagen,9534
8555,Mazatln,Crdoba,7560
8556,Mazatln,Dakar,9266
8557,Mazatln,Darwin,13874
8558,Mazatln,Djibouti,14923
8559,Mazatln,Dublin,8600
8560,Mazatln,Durban,15727
8561,Mazatln,Edinburgh,8671
8562,Mazatln,Frankfurt,9674
8563,Mazatln,Georgetown,5456
8564,Mazatln,Glasgow,8612
8565,Mazatln,Guatemala City,1923
8566,Mazatln,Guayaquil,4022
8567,Mazatln,Hamburg,9537
8568,Mazatln,Hammerfest,8883
8569,Mazatln,Havana,2454
8570,Mazatln,Helsinki,9757
8571,Mazatln,Hobart,13029
8572,Mazatln,Hong Kong,13312
8573,Mazatln,Iquique,6224
8574,Mazatln,Irkutsk,11085
8575,Mazatln,Jakarta,15994
8576,Mazatln,Johannesburg,15427
8577,Mazatln,Kingston,3129
8578,Mazatln,Kinshasa,13425
8579,Mazatln,Kuala Lumpur,15788
8580,Mazatln,La Paz,6045
8581,Mazatln,Leeds,8868
8582,Mazatln,Lima,5054
8583,Mazatln,Lisbon,9010
8584,Mazatln,Liverpool,8794
8585,Mazatln,London,9063
8586,Mazatln,Lyons,9690
8587,Mazatln,Madrid,9359
8588,Mazatln,Manchester,8835
8589,Mazatln,Manila,13367
8590,Mazatln,Marseilles,9863
8591,Mazatln,Mazatln,0
8592,Mazatln,Mecca,13841
8593,Mazatln,Melbourne,13148
8594,Mazatln,Mexico City,864
8595,Mazatln,Milan,9992
8596,Mazatln,Montevideo,8352
8597,Mazatln,Moscow,10600
8598,Mazatln,Munich,9973
8599,Mazatln,Nagasaki,11384
8600,Mazatln,Nagoya,10713
8601,Mazatln,Nairobi,15379
8602,Mazatln,Nanjing (Nanking),12210
8603,Mazatln,Naples,10627
8604,Mazatln,New Delhi,14244
8605,Mazatln,Newcastle-on-Tyne,8804
8606,Mazatln,Odessa,11155
8607,Mazatln,Osaka,10858
8608,Mazatln,Oslo,9169
8609,Mazatln,Panama City,3269
8610,Mazatln,Paramaribo,5804
8611,Mazatln,Paris,9357
8612,Mazatln,Perth,15763
8613,Mazatln,Plymouth,8864
8614,Mazatln,Port Moresby,12091
8615,Mazatln,Prague,10009
8616,Mazatln,Rangoon,14940
8617,Mazatln,Reykjavk,7433
8618,Mazatln,Rio de Janeiro,8543
8619,Mazatln,Rome,10435
8620,Mazatln,Salvador,8411
8621,Mazatln,Santiago,7346
8622,Mazatln,St. Petersburg,9971
8623,Mazatln,So Paulo,8295
8624,Mazatln,Shanghai,12106
8625,Mazatln,Singapore,15754
8626,Mazatln,Sofia,11064
8627,Mazatln,Stockholm,9542
8628,Mazatln,Sydney,12534
8629,Mazatln,Tananarive,17273
8630,Mazatln,Teheran,13069
8631,Mazatln,Tokyo,10466
8632,Mazatln,Tripoli,11075
8633,Mazatln,Venice,10196
8634,Mazatln,Veracruz,1153
8635,Mazatln,Vienna,10245
8636,Mazatln,Vladivostok,10528
8637,Mazatln,Warsaw,10202
8638,Mazatln,Wellington,10810
8639,Mazatln,Zrich,9834
8640,Mecca,Aberdeen,5214
8641,Mecca,Adelaide,12129
8642,Mecca,Algiers,3923
8643,Mecca,Amsterdam,4544
8644,Mecca,Ankara,2149
8645,Mecca,Asuncin,11715
8646,Mecca,Athens,2391
8647,Mecca,Auckland,15373
8648,Mecca,Bangkok,6458
8649,Mecca,Barcelona,4149
8650,Mecca,Beijing,7388
8651,Mecca,Belm,9884
8652,Mecca,Belfast,5286
8653,Mecca,Belgrade,3138
8654,Mecca,Berlin,4118
8655,Mecca,Birmingham,4939
8656,Mecca,Bogot,12274
8657,Mecca,Bombay,3452
8658,Mecca,Bordeaux,4490
8659,Mecca,Bremen,4386
8660,Mecca,Brisbane,13318
8661,Mecca,Bristol,4932
8662,Mecca,Brussels,4479
8663,Mecca,Bucharest,2840
8664,Mecca,Budapest,3434
8665,Mecca,Buenos Aires,12056
8666,Mecca,Cairo,1268
8667,Mecca,Calcutta,4993
8668,Mecca,Canton,7476
8669,Mecca,Cape Town,6563
8670,Mecca,Caracas,11275
8671,Mecca,Cayenne,10022
8672,Mecca,Chihuahua,13346
8673,Mecca,Chongqing,6673
8674,Mecca,Copenhagen,4415
8675,Mecca,Crdoba,12505
8676,Mecca,Dakar,6064
8677,Mecca,Darwin,10623
8678,Mecca,Djibouti,1164
8679,Mecca,Dublin,5245
8680,Mecca,Durban,5789
8681,Mecca,Edinburgh,5198
8682,Mecca,Frankfurt,4182
8683,Mecca,Georgetown,10553
8684,Mecca,Glasgow,5252
8685,Mecca,Guatemala City,13266
8686,Mecca,Guayaquil,13156
8687,Mecca,Hamburg,4361
8688,Mecca,Hammerfest,5566
8689,Mecca,Havana,12024
8690,Mecca,Helsinki,4454
8691,Mecca,Hobart,13016
8692,Mecca,Hong Kong,7591
8693,Mecca,Iquique,12790
8694,Mecca,Irkutsk,6421
8695,Mecca,Jakarta,7927
8696,Mecca,Johannesburg,5449
8697,Mecca,Kingston,11833
8698,Mecca,Kinshasa,3914
8699,Mecca,Kuala Lumpur,6984
8700,Mecca,La Paz,12499
8701,Mecca,Leeds,4986
8702,Mecca,Lima,13242
8703,Mecca,Lisbon,5010
8704,Mecca,Liverpool,5055
8705,Mecca,London,4782
8706,Mecca,Lyons,4155
8707,Mecca,Madrid,4587
8708,Mecca,Manchester,5016
8709,Mecca,Manila,8529
8710,Mecca,Marseilles,3995
8711,Mecca,Mazatln,13841
8712,Mecca,Mecca,0
8713,Mecca,Melbourne,12750
8714,Mecca,Mexico City,13634
8715,Mecca,Milan,3849
8716,Mecca,Montevideo,11869
8717,Mecca,Moscow,3814
8718,Mecca,Munich,3879
8719,Mecca,Nagasaki,8752
8720,Mecca,Nagoya,9270
8721,Mecca,Nairobi,2564
8722,Mecca,Nanjing (Nanking),7776
8723,Mecca,Naples,3220
8724,Mecca,New Delhi,3838
8725,Mecca,Newcastle-on-Tyne,5060
8726,Mecca,Odessa,2891
8727,Mecca,Osaka,9171
8728,Mecca,Oslo,4846
8729,Mecca,Panama City,12577
8730,Mecca,Paramaribo,10287
8731,Mecca,Paris,4484
8732,Mecca,Perth,10035
8733,Mecca,Plymouth,4977
8734,Mecca,Port Moresby,12178
8735,Mecca,Prague,3875
8736,Mecca,Rangoon,5900
8737,Mecca,Reykjavk,6507
8738,Mecca,Rio de Janeiro,10247
8739,Mecca,Rome,3411
8740,Mecca,Salvador,9347
8741,Mecca,Santiago,13152
8742,Mecca,St. Petersburg,4339
8743,Mecca,So Paulo,10585
8744,Mecca,Shanghai,8037
8745,Mecca,Singapore,7293
8746,Mecca,Sofia,2806
8747,Mecca,Stockholm,4541
8748,Mecca,Sydney,13229
8749,Mecca,Tananarive,4562
8750,Mecca,Teheran,1968
8751,Mecca,Tokyo,9482
8752,Mecca,Tripoli,2906
8753,Mecca,Venice,3647
8754,Mecca,Veracruz,13425
8755,Mecca,Vienna,3631
8756,Mecca,Vladivostok,8568
8757,Mecca,Warsaw,3779
8758,Mecca,Wellington,15280
8759,Mecca,Zrich,4009
8760,Melbourne,Aberdeen,16791
8761,Melbourne,Adelaide,653
8762,Melbourne,Algiers,16673
8763,Melbourne,Amsterdam,16545
8764,Melbourne,Ankara,14273
8765,Melbourne,Asuncin,12618
8766,Melbourne,Athens,14948
8767,Melbourne,Auckland,2624
8768,Melbourne,Bangkok,7370
8769,Melbourne,Barcelona,16828
8770,Melbourne,Beijing,9117
8771,Melbourne,Belm,15436
8772,Melbourne,Belfast,17132
8773,Melbourne,Belgrade,15400
8774,Melbourne,Berlin,15970
8775,Melbourne,Birmingham,16988
8776,Melbourne,Bogot,14589
8777,Melbourne,Bombay,9820
8778,Melbourne,Bordeaux,17051
8779,Melbourne,Bremen,16270
8780,Melbourne,Brisbane,1375
8781,Melbourne,Bristol,17065
8782,Melbourne,Brussels,16611
8783,Melbourne,Bucharest,14958
8784,Melbourne,Budapest,15553
8785,Melbourne,Buenos Aires,11615
8786,Melbourne,Cairo,13955
8787,Melbourne,Calcutta,8938
8788,Melbourne,Canton,7539
8789,Melbourne,Cape Town,10320
8790,Melbourne,Caracas,15610
8791,Melbourne,Cayenne,15952
8792,Melbourne,Chihuahua,13482
8793,Melbourne,Chongqing,8506
8794,Melbourne,Copenhagen,15984
8795,Melbourne,Crdoba,11742
8796,Melbourne,Dakar,16916
8797,Melbourne,Darwin,3144
8798,Melbourne,Djibouti,11829
8799,Melbourne,Dublin,17216
8800,Melbourne,Durban,9844
8801,Melbourne,Edinburgh,16910
8802,Melbourne,Frankfurt,16319
8803,Melbourne,Georgetown,15844
8804,Melbourne,Glasgow,16974
8805,Melbourne,Guatemala City,14011
8806,Melbourne,Guayaquil,13613
8807,Melbourne,Hamburg,16182
8808,Melbourne,Hammerfest,15076
8809,Melbourne,Havana,15250
8810,Melbourne,Helsinki,15201
8811,Melbourne,Hobart,599
8812,Melbourne,Hong Kong,7418
8813,Melbourne,Iquique,12600
8814,Melbourne,Irkutsk,10779
8815,Melbourne,Jakarta,5204
8816,Melbourne,Johannesburg,10328
8817,Melbourne,Kingston,15407
8818,Melbourne,Kinshasa,13033
8819,Melbourne,Kuala Lumpur,6364
8820,Melbourne,La Paz,13051
8821,Melbourne,Leeds,16911
8822,Melbourne,Lima,12960
8823,Melbourne,Lisbon,17760
8824,Melbourne,Liverpool,17016
8825,Melbourne,London,16897
8826,Melbourne,Lyons,16630
8827,Melbourne,Madrid,17309
8828,Melbourne,Manchester,16967
8829,Melbourne,Manila,6340
8830,Melbourne,Marseilles,16583
8831,Melbourne,Mazatln,13148
8832,Melbourne,Mecca,12750
8833,Melbourne,Melbourne,0
8834,Melbourne,Mexico City,13563
8835,Melbourne,Milan,16292
8836,Melbourne,Montevideo,11645
8837,Melbourne,Moscow,14425
8838,Melbourne,Munich,16116
8839,Melbourne,Nagasaki,8001
8840,Melbourne,Nagoya,8148
8841,Melbourne,Nairobi,11483
8842,Melbourne,Nanjing (Nanking),8222
8843,Melbourne,Naples,15817
8844,Melbourne,New Delhi,10202
8845,Melbourne,Newcastle-on-Tyne,16866
8846,Melbourne,Odessa,14659
8847,Melbourne,Osaka,8100
8848,Melbourne,Oslo,15985
8849,Melbourne,Panama City,14534
8850,Melbourne,Paramaribo,15907
8851,Melbourne,Paris,16791
8852,Melbourne,Perth,2721
8853,Melbourne,Plymouth,17201
8854,Melbourne,Port Moresby,3161
8855,Melbourne,Prague,15909
8856,Melbourne,Rangoon,7937
8857,Melbourne,Reykjavk,16966
8858,Melbourne,Rio de Janeiro,13208
8859,Melbourne,Rome,15987
8860,Melbourne,Salvador,14364
8861,Melbourne,Santiago,11273
8862,Melbourne,St. Petersburg,14907
8863,Melbourne,So Paulo,13093
8864,Melbourne,Shanghai,8045
8865,Melbourne,Singapore,6044
8866,Melbourne,Sofia,15128
8867,Melbourne,Stockholm,15598
8868,Melbourne,Sydney,687
8869,Melbourne,Tananarive,9361
8870,Melbourne,Teheran,12587
8871,Melbourne,Tokyo,8184
8872,Melbourne,Tripoli,15656
8873,Melbourne,Venice,16045
8874,Melbourne,Veracruz,13806
8875,Melbourne,Vienna,15765
8876,Melbourne,Vladivostok,9095
8877,Melbourne,Warsaw,15456
8878,Melbourne,Wellington,2573
8879,Melbourne,Zrich,16346
8880,Mexico City,Aberdeen,8610
8881,Mexico City,Adelaide,14134
8882,Mexico City,Algiers,9746
8883,Mexico City,Amsterdam,9214
8884,Mexico City,Ankara,11754
8885,Mexico City,Asuncin,6690
8886,Mexico City,Athens,11280
8887,Mexico City,Auckland,10958
8888,Mexico City,Bangkok,15745
8889,Mexico City,Barcelona,9486
8890,Mexico City,Beijing,12457
8891,Mexico City,Belm,5991
8892,Mexico City,Belfast,8457
8893,Mexico City,Belgrade,10619
8894,Mexico City,Berlin,9727
8895,Mexico City,Birmingham,8779
8896,Mexico City,Bogot,3163
8897,Mexico City,Bombay,15651
8898,Mexico City,Bordeaux,9147
8899,Mexico City,Bremen,9423
8900,Mexico City,Brisbane,12689
8901,Mexico City,Bristol,8767
8902,Mexico City,Brussels,9245
8903,Mexico City,Bucharest,11003
8904,Mexico City,Budapest,10362
8905,Mexico City,Buenos Aires,7390
8906,Mexico City,Cairo,12376
8907,Mexico City,Calcutta,15274
8908,Mexico City,Canton,14122
8909,Mexico City,Cape Town,13693
8910,Mexico City,Caracas,3580
8911,Mexico City,Cayenne,5321
8912,Mexico City,Chihuahua,1241
8913,Mexico City,Chongqing,13891
8914,Mexico City,Copenhagen,9508
8915,Mexico City,Crdoba,6777
8916,Mexico City,Dakar,8615
8917,Mexico City,Darwin,14634
8918,Mexico City,Djibouti,14629
8919,Mexico City,Dublin,8471
8920,Mexico City,Durban,14870
8921,Mexico City,Edinburgh,8589
8922,Mexico City,Frankfurt,9558
8923,Mexico City,Georgetown,4630
8924,Mexico City,Glasgow,8526
8925,Mexico City,Guatemala City,1059
8926,Mexico City,Guayaquil,3187
8927,Mexico City,Hamburg,9472
8928,Mexico City,Hammerfest,9082
8929,Mexico City,Havana,1780
8930,Mexico City,Helsinki,9845
8931,Mexico City,Hobart,13363
8932,Mexico City,Hong Kong,14128
8933,Mexico City,Iquique,5419
8934,Mexico City,Irkutsk,11701
8935,Mexico City,Jakarta,16854
8936,Mexico City,Johannesburg,14585
8937,Mexico City,Kingston,2352
8938,Mexico City,Kinshasa,12722
8939,Mexico City,Kuala Lumpur,16627
8940,Mexico City,La Paz,5216
8941,Mexico City,Leeds,8761
8942,Mexico City,Lima,4250
8943,Mexico City,Lisbon,8668
8944,Mexico City,Liverpool,8677
8945,Mexico City,London,8929
8946,Mexico City,Lyons,9499
8947,Mexico City,Madrid,9060
8948,Mexico City,Manchester,8722
8949,Mexico City,Manila,14224
8950,Mexico City,Marseilles,9643
8951,Mexico City,Mazatln,864
8952,Mexico City,Mecca,13634
8953,Mexico City,Melbourne,13563
8954,Mexico City,Mexico City,0
8955,Mexico City,Milan,9819
8956,Mexico City,Montevideo,7552
8957,Mexico City,Moscow,10718
8958,Mexico City,Munich,9846
8959,Mexico City,Nagasaki,12211
8960,Mexico City,Nagoya,11547
8961,Mexico City,Nairobi,14830
8962,Mexico City,Nanjing (Nanking),13004
8963,Mexico City,Naples,10424
8964,Mexico City,New Delhi,14661
8965,Mexico City,Newcastle-on-Tyne,8713
8966,Mexico City,Odessa,11133
8967,Mexico City,Osaka,11691
8968,Mexico City,Oslo,9190
8969,Mexico City,Panama City,2406
8970,Mexico City,Paramaribo,4979
8971,Mexico City,Paris,9196
8972,Mexico City,Perth,16264
8973,Mexico City,Plymouth,8700
8974,Mexico City,Port Moresby,12833
8975,Mexico City,Prague,9922
8976,Mexico City,Rangoon,15657
8977,Mexico City,Reykjavk,7448
8978,Mexico City,Rio de Janeiro,7682
8979,Mexico City,Rome,10235
8980,Mexico City,Salvador,7553
8981,Mexico City,Santiago,6607
8982,Mexico City,St. Petersburg,10084
8983,Mexico City,So Paulo,7438
8984,Mexico City,Shanghai,12914
8985,Mexico City,Singapore,16609
8986,Mexico City,Sofia,10944
8987,Mexico City,Stockholm,9586
8988,Mexico City,Sydney,12995
8989,Mexico City,Tananarive,16518
8990,Mexico City,Teheran,13154
8991,Mexico City,Tokyo,11304
8992,Mexico City,Tripoli,10770
8993,Mexico City,Venice,10039
8994,Mexico City,Veracruz,311
8995,Mexico City,Vienna,10146
8996,Mexico City,Vladivostok,11317
8997,Mexico City,Warsaw,10178
8998,Mexico City,Wellington,11104
8999,Mexico City,Zrich,9681
9000,Milan,Aberdeen,1515
9001,Milan,Adelaide,15639
9002,Milan,Algiers,1087
9003,Milan,Amsterdam,829
9004,Milan,Ankara,2027
9005,Milan,Asuncin,10354
9006,Milan,Athens,1463
9007,Milan,Auckland,18480
9008,Milan,Bangkok,9025
9009,Milan,Barcelona,724
9010,Milan,Beijing,8081
9011,Milan,Belm,7681
9012,Milan,Belfast,1478
9013,Milan,Belgrade,892
9014,Milan,Berlin,842
9015,Milan,Birmingham,1118
9016,Milan,Bogot,9135
9017,Milan,Bombay,6474
9018,Milan,Bordeaux,762
9019,Milan,Bremen,849
9020,Milan,Brisbane,16270
9021,Milan,Bristol,1092
9022,Milan,Brussels,699
9023,Milan,Bucharest,1336
9024,Milan,Budapest,792
9025,Milan,Buenos Aires,11185
9026,Milan,Cairo,2580
9027,Milan,Calcutta,7423
9028,Milan,Canton,9223
9029,Milan,Cape Town,8873
9030,Milan,Caracas,8106
9031,Milan,Cayenne,7429
9032,Milan,Chihuahua,9506
9033,Milan,Chongqing,8230
9034,Milan,Copenhagen,1160
9035,Milan,Crdoba,11292
9036,Milan,Dakar,4234
9037,Milan,Darwin,13443
9038,Milan,Djibouti,4952
9039,Milan,Dublin,1413
9040,Milan,Durban,8659
9041,Milan,Edinburgh,1447
9042,Milan,Frankfurt,520
9043,Milan,Georgetown,7720
9044,Milan,Glasgow,1487
9045,Milan,Guatemala City,9588
9046,Milan,Guayaquil,10109
9047,Milan,Hamburg,902
9048,Milan,Hammerfest,2908
9049,Milan,Havana,8315
9050,Milan,Helsinki,1940
9051,Milan,Hobart,16702
9052,Milan,Hong Kong,9352
9053,Milan,Iquique,10794
9054,Milan,Irkutsk,6471
9055,Milan,Jakarta,11098
9056,Milan,Johannesburg,8193
9057,Milan,Kingston,8287
9058,Milan,Kinshasa,5565
9059,Milan,Kuala Lumpur,9956
9060,Milan,La Paz,10368
9061,Milan,Leeds,1198
9062,Milan,Lima,10662
9063,Milan,Lisbon,1680
9064,Milan,Liverpool,1245
9065,Milan,London,958
9066,Milan,Lyons,338
9067,Milan,Madrid,1184
9068,Milan,Manchester,1214
9069,Milan,Manila,10469
9070,Milan,Marseilles,384
9071,Milan,Mazatln,9992
9072,Milan,Mecca,3849
9073,Milan,Melbourne,16292
9074,Milan,Mexico City,9819
9075,Milan,Milan,0
9076,Milan,Montevideo,11079
9077,Milan,Moscow,2287
9078,Milan,Munich,350
9079,Milan,Nagasaki,9470
9080,Milan,Nagoya,9634
9081,Milan,Nairobi,5883
9082,Milan,Nanjing (Nanking),8870
9083,Milan,Naples,658
9084,Milan,New Delhi,6132
9085,Milan,Newcastle-on-Tyne,1304
9086,Milan,Odessa,1670
9087,Milan,Osaka,9614
9088,Milan,Oslo,1615
9089,Milan,Panama City,9197
9090,Milan,Paramaribo,7573
9091,Milan,Paris,636
9092,Milan,Perth,13703
9093,Milan,Plymouth,1128
9094,Milan,Port Moresby,14354
9095,Milan,Prague,648
9096,Milan,Rangoon,8440
9097,Milan,Reykjavk,2822
9098,Milan,Rio de Janeiro,9263
9099,Milan,Rome,474
9100,Milan,Salvador,8057
9101,Milan,Santiago,11885
9102,Milan,St. Petersburg,2130
9103,Milan,So Paulo,9508
9104,Milan,Shanghai,9106
9105,Milan,Singapore,10279
9106,Milan,Sofia,1171
9107,Milan,Stockholm,1648
9108,Milan,Sydney,16550
9109,Milan,Tananarive,8130
9110,Milan,Teheran,3705
9111,Milan,Tokyo,9722
9112,Milan,Tripoli,1432
9113,Milan,Venice,247
9114,Milan,Veracruz,9633
9115,Milan,Vienna,626
9116,Milan,Vladivostok,8658
9117,Milan,Warsaw,1145
9118,Milan,Wellington,18765
9119,Milan,Zrich,217
9120,Montevideo,Aberdeen,11414
9121,Montevideo,Adelaide,12103
9122,Montevideo,Algiers,10047
9123,Montevideo,Amsterdam,11358
9124,Montevideo,Ankara,12332
9125,Montevideo,Asuncin,1080
9126,Montevideo,Athens,11540
9127,Montevideo,Auckland,10457
9128,Montevideo,Bangkok,16699
9129,Montevideo,Barcelona,10356
9130,Montevideo,Beijing,19153
9131,Montevideo,Belm,3800
9132,Montevideo,Belfast,11047
9133,Montevideo,Belgrade,11747
9134,Montevideo,Berlin,11812
9135,Montevideo,Birmingham,11037
9136,Montevideo,Bogot,4773
9137,Montevideo,Bombay,14719
9138,Montevideo,Bordeaux,10485
9139,Montevideo,Bremen,11610
9140,Montevideo,Brisbane,12427
9141,Montevideo,Bristol,10928
9142,Montevideo,Brussels,11218
9143,Montevideo,Bucharest,12093
9144,Montevideo,Budapest,11819
9145,Montevideo,Buenos Aires,203
9146,Montevideo,Cairo,11653
9147,Montevideo,Calcutta,16322
9148,Montevideo,Canton,18352
9149,Montevideo,Cape Town,6666
9150,Montevideo,Caracas,5170
9151,Montevideo,Cayenne,4432
9152,Montevideo,Chihuahua,8791
9153,Montevideo,Chongqing,18298
9154,Montevideo,Copenhagen,11978
9155,Montevideo,Crdoba,835
9156,Montevideo,Dakar,6857
9157,Montevideo,Darwin,14698
9158,Montevideo,Djibouti,11569
9159,Montevideo,Dublin,10923
9160,Montevideo,Durban,7921
9161,Montevideo,Edinburgh,11270
9162,Montevideo,Frankfurt,11390
9163,Montevideo,Georgetown,4634
9164,Montevideo,Glasgow,11219
9165,Montevideo,Guatemala City,6590
9166,Montevideo,Guayaquil,4390
9167,Montevideo,Hamburg,11705
9168,Montevideo,Hammerfest,13280
9169,Montevideo,Havana,7018
9170,Montevideo,Helsinki,12863
9171,Montevideo,Hobart,11046
9172,Montevideo,Hong Kong,18333
9173,Montevideo,Iquique,2132
9174,Montevideo,Irkutsk,17522
9175,Montevideo,Jakarta,15103
9176,Montevideo,Johannesburg,7888
9177,Montevideo,Kingston,6270
9178,Montevideo,Kinshasa,8045
9179,Montevideo,Kuala Lumpur,15810
9180,Montevideo,La Paz,2381
9181,Montevideo,Leeds,11165
9182,Montevideo,Lima,3301
9183,Montevideo,Lisbon,9507
9184,Montevideo,Liverpool,11070
9185,Montevideo,London,11051
9186,Montevideo,Lyons,10851
9187,Montevideo,Madrid,9947
9188,Montevideo,Manchester,11111
9189,Montevideo,Manila,17739
9190,Montevideo,Marseilles,10695
9191,Montevideo,Mazatln,8352
9192,Montevideo,Mecca,11869
9193,Montevideo,Melbourne,11645
9194,Montevideo,Mexico City,7552
9195,Montevideo,Milan,11079
9196,Montevideo,Montevideo,0
9197,Montevideo,Moscow,13365
9198,Montevideo,Munich,11411
9199,Montevideo,Nagasaki,19404
9200,Montevideo,Nagoya,18822
9201,Montevideo,Nairobi,10198
9202,Montevideo,Nanjing (Nanking),19458
9203,Montevideo,Naples,11069
9204,Montevideo,New Delhi,15589
9205,Montevideo,Newcastle-on-Tyne,11258
9206,Montevideo,Odessa,12522
9207,Montevideo,Osaka,18948
9208,Montevideo,Oslo,12174
9209,Montevideo,Panama City,5460
9210,Montevideo,Paramaribo,4519
9211,Montevideo,Paris,10953
9212,Montevideo,Perth,12537
9213,Montevideo,Plymouth,10771
9214,Montevideo,Port Moresby,14513
9215,Montevideo,Prague,11708
9216,Montevideo,Rangoon,16602
9217,Montevideo,Reykjavk,11405
9218,Montevideo,Rio de Janeiro,1827
9219,Montevideo,Rome,11026
9220,Montevideo,Salvador,3022
9221,Montevideo,Santiago,1349
9222,Montevideo,St. Petersburg,13122
9223,Montevideo,So Paulo,1571
9224,Montevideo,Shanghai,19546
9225,Montevideo,Singapore,15742
9226,Montevideo,Sofia,11800
9227,Montevideo,Stockholm,12475
9228,Montevideo,Sydney,11850
9229,Montevideo,Tananarive,10004
9230,Montevideo,Teheran,13633
9231,Montevideo,Tokyo,18569
9232,Montevideo,Tripoli,10444
9233,Montevideo,Venice,11267
9234,Montevideo,Veracruz,7345
9235,Montevideo,Vienna,11698
9236,Montevideo,Vladivostok,18856
9237,Montevideo,Warsaw,12221
9238,Montevideo,Wellington,10077
9239,Montevideo,Zrich,11179
9240,Moscow,Aberdeen,2412
9241,Moscow,Adelaide,13803
9242,Moscow,Algiers,3332
9243,Moscow,Amsterdam,2147
9244,Moscow,Ankara,1793
9245,Moscow,Asuncin,12624
9246,Moscow,Athens,2232
9247,Moscow,Auckland,16200
9248,Moscow,Bangkok,7065
9249,Moscow,Barcelona,3010
9250,Moscow,Beijing,5794
9251,Moscow,Belm,9897
9252,Moscow,Belfast,2720
9253,Moscow,Belgrade,1703
9254,Moscow,Berlin,1607
9255,Moscow,Birmingham,2568
9256,Moscow,Bogot,10924
9257,Moscow,Bombay,5032
9258,Moscow,Bordeaux,2920
9259,Moscow,Bremen,1871
9260,Moscow,Brisbane,14080
9261,Moscow,Bristol,2654
9262,Moscow,Brussels,2250
9263,Moscow,Bucharest,1498
9264,Moscow,Budapest,1565
9265,Moscow,Buenos Aires,13471
9266,Moscow,Cairo,2901
9267,Moscow,Calcutta,5535
9268,Moscow,Canton,7013
9269,Moscow,Cape Town,10136
9270,Moscow,Caracas,9941
9271,Moscow,Cayenne,9558
9272,Moscow,Chihuahua,10021
9273,Moscow,Chongqing,6020
9274,Moscow,Copenhagen,1559
9275,Moscow,Crdoba,13561
9276,Moscow,Dakar,6515
9277,Moscow,Darwin,11352
9278,Moscow,Djibouti,4943
9279,Moscow,Dublin,2793
9280,Moscow,Durban,9543
9281,Moscow,Edinburgh,2508
9282,Moscow,Frankfurt,2019
9283,Moscow,Georgetown,9751
9284,Moscow,Glasgow,2575
9285,Moscow,Guatemala City,10822
9286,Moscow,Guayaquil,11890
9287,Moscow,Hamburg,1778
9288,Moscow,Hammerfest,1786
9289,Moscow,Havana,9586
9290,Moscow,Helsinki,888
9291,Moscow,Hobart,14960
9292,Moscow,Hong Kong,7141
9293,Moscow,Iquique,12950
9294,Moscow,Irkutsk,4193
9295,Moscow,Jakarta,9315
9296,Moscow,Johannesburg,9157
9297,Moscow,Kingston,9791
9298,Moscow,Kinshasa,6982
9299,Moscow,Kuala Lumpur,8128
9300,Moscow,La Paz,12508
9301,Moscow,Leeds,2485
9302,Moscow,Lima,12638
9303,Moscow,Lisbon,3904
9304,Moscow,Liverpool,2591
9305,Moscow,London,2495
9306,Moscow,Lyons,2527
9307,Moscow,Madrid,3437
9308,Moscow,Manchester,2541
9309,Moscow,Manila,8257
9310,Moscow,Marseilles,2671
9311,Moscow,Mazatln,10600
9312,Moscow,Mecca,3814
9313,Moscow,Melbourne,14425
9314,Moscow,Mexico City,10718
9315,Moscow,Milan,2287
9316,Moscow,Montevideo,13365
9317,Moscow,Moscow,0
9318,Moscow,Munich,1958
9319,Moscow,Nagasaki,7187
9320,Moscow,Nagoya,7380
9321,Moscow,Nairobi,6356
9322,Moscow,Nanjing (Nanking),6590
9323,Moscow,Naples,2373
9324,Moscow,New Delhi,4345
9325,Moscow,Newcastle-on-Tyne,2447
9326,Moscow,Odessa,1136
9327,Moscow,Osaka,7351
9328,Moscow,Oslo,1645
9329,Moscow,Panama City,10804
9330,Moscow,Paramaribo,9657
9331,Moscow,Paris,2489
9332,Moscow,Perth,12219
9333,Moscow,Plymouth,2801
9334,Moscow,Port Moresby,12088
9335,Moscow,Prague,1666
9336,Moscow,Rangoon,6511
9337,Moscow,Reykjavk,3310
9338,Moscow,Rio de Janeiro,11548
9339,Moscow,Rome,2376
9340,Moscow,Salvador,10343
9341,Moscow,Santiago,14136
9342,Moscow,St. Petersburg,634
9343,Moscow,So Paulo,11795
9344,Moscow,Shanghai,6823
9345,Moscow,Singapore,8438
9346,Moscow,Sofia,1778
9347,Moscow,Stockholm,1226
9348,Moscow,Sydney,14494
9349,Moscow,Tananarive,8346
9350,Moscow,Teheran,2469
9351,Moscow,Tokyo,7484
9352,Moscow,Tripoli,3157
9353,Moscow,Venice,2102
9354,Moscow,Veracruz,10622
9355,Moscow,Vienna,1669
9356,Moscow,Vladivostok,6418
9357,Moscow,Warsaw,1150
9358,Moscow,Wellington,16548
9359,Moscow,Zrich,2195
9360,Munich,Aberdeen,1360
9361,Munich,Adelaide,15466
9362,Munich,Algiers,1438
9363,Munich,Amsterdam,669
9364,Munich,Ankara,1925
9365,Munich,Asuncin,10670
9366,Munich,Athens,1496
9367,Munich,Auckland,18158
9368,Munich,Bangkok,8794
9369,Munich,Barcelona,1055
9370,Munich,Beijing,7751
9371,Munich,Belm,7973
9372,Munich,Belfast,1407
9373,Munich,Belgrade,774
9374,Munich,Berlin,502
9375,Munich,Birmingham,1068
9376,Munich,Bogot,9323
9377,Munich,Bombay,6325
9378,Munich,Bordeaux,995
9379,Munich,Bremen,583
9380,Munich,Brisbane,15994
9381,Munich,Bristol,1080
9382,Munich,Brussels,602
9383,Munich,Bucharest,1188
9384,Munich,Budapest,564
9385,Munich,Buenos Aires,11514
9386,Munich,Cairo,2622
9387,Munich,Calcutta,7201
9388,Munich,Canton,8930
9389,Munich,Cape Town,9148
9390,Munich,Caracas,8300
9391,Munich,Cayenne,7693
9392,Munich,Chihuahua,9467
9393,Munich,Chongqing,7936
9394,Munich,Copenhagen,840
9395,Munich,Crdoba,11608
9396,Munich,Dakar,4575
9397,Munich,Darwin,13192
9398,Munich,Djibouti,5011
9399,Munich,Dublin,1376
9400,Munich,Durban,8886
9401,Munich,Edinburgh,1324
9402,Munich,Frankfurt,305
9403,Munich,Georgetown,7959
9404,Munich,Glasgow,1376
9405,Munich,Guatemala City,9672
9406,Munich,Guayaquil,10299
9407,Munich,Hamburg,612
9408,Munich,Hammerfest,2581
9409,Munich,Havana,8396
9410,Munich,Helsinki,1591
9411,Munich,Hobart,16564
9412,Munich,Hong Kong,9059
9413,Munich,Iquique,11071
9414,Munich,Irkutsk,6133
9415,Munich,Jakarta,10912
9416,Munich,Johannesburg,8427
9417,Munich,Kingston,8413
9418,Munich,Kinshasa,5841
9419,Munich,Kuala Lumpur,9756
9420,Munich,La Paz,10640
9421,Munich,Leeds,1106
9422,Munich,Lima,10896
9423,Munich,Lisbon,1964
9424,Munich,Liverpool,1178
9425,Munich,London,916
9426,Munich,Lyons,576
9427,Munich,Madrid,1483
9428,Munich,Manchester,1137
9429,Munich,Manila,10177
9430,Munich,Marseilles,720
9431,Munich,Mazatln,9973
9432,Munich,Mecca,3879
9433,Munich,Melbourne,16116
9434,Munich,Mexico City,9846
9435,Munich,Milan,350
9436,Munich,Montevideo,11411
9437,Munich,Moscow,1958
9438,Munich,Munich,0
9439,Munich,Nagasaki,9132
9440,Munich,Nagoya,9289
9441,Munich,Nairobi,6029
9442,Munich,Nanjing (Nanking),8548
9443,Munich,Naples,838
9444,Munich,New Delhi,5921
9445,Munich,Newcastle-on-Tyne,1184
9446,Munich,Odessa,1457
9447,Munich,Osaka,9270
9448,Munich,Oslo,1315
9449,Munich,Panama City,9348
9450,Munich,Paramaribo,7825
9451,Munich,Paris,685
9452,Munich,Perth,13594
9453,Munich,Plymouth,1162
9454,Munich,Port Moresby,14042
9455,Munich,Prague,300
9456,Munich,Rangoon,8214
9457,Munich,Reykjavk,2677
9458,Munich,Rio de Janeiro,9599
9459,Munich,Rome,696
9460,Munich,Salvador,8390
9461,Munich,Santiago,12193
9462,Munich,St. Petersburg,1780
9463,Munich,So Paulo,9840
9464,Munich,Shanghai,8781
9465,Munich,Singapore,10078
9466,Munich,Sofia,1098
9467,Munich,Stockholm,1309
9468,Munich,Sydney,16321
9469,Munich,Tananarive,8260
9470,Munich,Teheran,3546
9471,Munich,Tokyo,9374
9472,Munich,Tripoli,1693
9473,Munich,Venice,305
9474,Munich,Veracruz,9674
9475,Munich,Vienna,352
9476,Munich,Vladivostok,8311
9477,Munich,Warsaw,809
9478,Munich,Wellington,18489
9479,Munich,Zrich,245
9480,Nagasaki,Aberdeen,9052
9481,Nagasaki,Adelaide,7583
9482,Nagasaki,Algiers,10515
9483,Nagasaki,Amsterdam,9150
9484,Nagasaki,Ankara,8274
9485,Nagasaki,Asuncin,18896
9486,Nagasaki,Athens,9061
9487,Nagasaki,Auckland,9034
9488,Nagasaki,Bangkok,3656
9489,Nagasaki,Barcelona,10188
9490,Nagasaki,Beijing,1444
9491,Nagasaki,Belm,16527
9492,Nagasaki,Belfast,9419
9493,Nagasaki,Belgrade,8827
9494,Nagasaki,Berlin,8717
9495,Nagasaki,Birmingham,9451
9496,Nagasaki,Bogot,15142
9497,Nagasaki,Bombay,5848
9498,Nagasaki,Bordeaux,10039
9499,Nagasaki,Bremen,8905
9500,Nagasaki,Brisbane,7136
9501,Nagasaki,Bristol,9562
9502,Nagasaki,Brussels,9295
9503,Nagasaki,Bucharest,8492
9504,Nagasaki,Budapest,8743
9505,Nagasaki,Buenos Aires,19220
9506,Nagasaki,Cairo,8968
9507,Nagasaki,Calcutta,4217
9508,Nagasaki,Canton,1957
9509,Nagasaki,Cape Town,13785
9510,Nagasaki,Caracas,14877
9511,Nagasaki,Cayenne,15825
9512,Nagasaki,Chihuahua,10984
9513,Nagasaki,Chongqing,2242
9514,Nagasaki,Copenhagen,8533
9515,Nagasaki,Crdoba,18678
9516,Nagasaki,Dakar,13702
9517,Nagasaki,Darwin,5034
9518,Nagasaki,Djibouti,9031
9519,Nagasaki,Dublin,9546
9520,Nagasaki,Durban,12523
9521,Nagasaki,Edinburgh,9198
9522,Nagasaki,Frankfurt,9138
9523,Nagasaki,Georgetown,15532
9524,Nagasaki,Glasgow,9246
9525,Nagasaki,Guatemala City,13212
9526,Nagasaki,Guayaquil,15398
9527,Nagasaki,Hamburg,8811
9528,Nagasaki,Hammerfest,7156
9529,Nagasaki,Havana,12912
9530,Nagasaki,Helsinki,7647
9531,Nagasaki,Hobart,8597
9532,Nagasaki,Hong Kong,1937
9533,Nagasaki,Iquique,17580
9534,Nagasaki,Irkutsk,2999
9535,Nagasaki,Jakarta,4985
9536,Nagasaki,Johannesburg,12590
9537,Nagasaki,Kingston,13691
9538,Nagasaki,Kinshasa,12562
9539,Nagasaki,Kuala Lumpur,4418
9540,Nagasaki,La Paz,17428
9541,Nagasaki,Leeds,9319
9542,Nagasaki,Lima,16424
9543,Nagasaki,Lisbon,11009
9544,Nagasaki,Liverpool,9410
9545,Nagasaki,London,9447
9546,Nagasaki,Lyons,9684
9547,Nagasaki,Madrid,10583
9548,Nagasaki,Manchester,9371
9549,Nagasaki,Manila,2220
9550,Nagasaki,Marseilles,9851
9551,Nagasaki,Mazatln,11384
9552,Nagasaki,Mecca,8752
9553,Nagasaki,Melbourne,8001
9554,Nagasaki,Mexico City,12211
9555,Nagasaki,Milan,9470
9556,Nagasaki,Montevideo,19404
9557,Nagasaki,Moscow,7187
9558,Nagasaki,Munich,9132
9559,Nagasaki,Nagasaki,0
9560,Nagasaki,Nagoya,693
9561,Nagasaki,Nairobi,10376
9562,Nagasaki,Nanjing (Nanking),1041
9563,Nagasaki,Naples,9507
9564,Nagasaki,New Delhi,5014
9565,Nagasaki,Newcastle-on-Tyne,9219
9566,Nagasaki,Odessa,8062
9567,Nagasaki,Osaka,548
9568,Nagasaki,Oslo,8310
9569,Nagasaki,Panama City,14418
9570,Nagasaki,Paramaribo,15693
9571,Nagasaki,Paris,9563
9572,Nagasaki,Perth,7350
9573,Nagasaki,Plymouth,9719
9574,Nagasaki,Port Moresby,5035
9575,Nagasaki,Prague,8834
9576,Nagasaki,Rangoon,3834
9577,Nagasaki,Reykjavk,8965
9578,Nagasaki,Rio de Janeiro,18730
9579,Nagasaki,Rome,9542
9580,Nagasaki,Salvador,17511
9581,Nagasaki,Santiago,18089
9582,Nagasaki,St. Petersburg,7398
9583,Nagasaki,So Paulo,18926
9584,Nagasaki,Shanghai,820
9585,Nagasaki,Singapore,4440
9586,Nagasaki,Sofia,8787
9587,Nagasaki,Stockholm,8029
9588,Nagasaki,Sydney,7746
9589,Nagasaki,Tananarive,10451
9590,Nagasaki,Teheran,6990
9591,Nagasaki,Tokyo,955
9592,Nagasaki,Tripoli,10153
9593,Nagasaki,Venice,9289
9594,Nagasaki,Veracruz,12439
9595,Nagasaki,Vienna,8856
9596,Nagasaki,Vladivostok,1166
9597,Nagasaki,Warsaw,8324
9598,Nagasaki,Wellington,9429
9599,Nagasaki,Zrich,9360
9600,Nagoya,Aberdeen,9061
9601,Nagoya,Adelaide,7789
9602,Nagoya,Algiers,10705
9603,Nagoya,Amsterdam,9234
9604,Nagoya,Ankara,8612
9605,Nagoya,Asuncin,18237
9606,Nagoya,Athens,9371
9607,Nagoya,Auckland,8907
9608,Nagoya,Bangkok,4348
9609,Nagoya,Barcelona,10339
9610,Nagoya,Beijing,1881
9611,Nagoya,Belm,16231
9612,Nagoya,Belfast,9424
9613,Nagoya,Belgrade,9060
9614,Nagoya,Berlin,8845
9615,Nagoya,Birmingham,9496
9616,Nagoya,Bogot,14533
9617,Nagoya,Bombay,6488
9618,Nagoya,Bordeaux,10146
9619,Nagoya,Bremen,9005
9620,Nagoya,Brisbane,7165
9621,Nagoya,Bristol,9609
9622,Nagoya,Brussels,9388
9623,Nagoya,Bucharest,8757
9624,Nagoya,Budapest,8945
9625,Nagoya,Buenos Aires,18619
9626,Nagoya,Cairo,9384
9627,Nagoya,Calcutta,4877
9628,Nagoya,Canton,2649
9629,Nagoya,Cape Town,14478
9630,Nagoya,Caracas,14353
9631,Nagoya,Cayenne,15470
9632,Nagoya,Chihuahua,10328
9633,Nagoya,Chongqing,2899
9634,Nagoya,Copenhagen,8629
9635,Nagoya,Crdoba,18016
9636,Nagoya,Dakar,13856
9637,Nagoya,Darwin,5329
9638,Nagoya,Djibouti,9622
9639,Nagoya,Dublin,9558
9640,Nagoya,Durban,13216
9641,Nagoya,Edinburgh,9210
9642,Nagoya,Frankfurt,9262
9643,Nagoya,Georgetown,15095
9644,Nagoya,Glasgow,9253
9645,Nagoya,Guatemala City,12560
9646,Nagoya,Guayaquil,14734
9647,Nagoya,Hamburg,8913
9648,Nagoya,Hammerfest,7137
9649,Nagoya,Havana,12326
9650,Nagoya,Helsinki,7749
9651,Nagoya,Hobart,8735
9652,Nagoya,Hong Kong,2624
9653,Nagoya,Iquique,16890
9654,Nagoya,Irkutsk,3208
9655,Nagoya,Jakarta,5579
9656,Nagoya,Johannesburg,13279
9657,Nagoya,Kingston,13119
9658,Nagoya,Kinshasa,13133
9659,Nagoya,Kuala Lumpur,5080
9660,Nagoya,La Paz,16758
9661,Nagoya,Leeds,9356
9662,Nagoya,Lima,15739
9663,Nagoya,Lisbon,11093
9664,Nagoya,Liverpool,9440
9665,Nagoya,London,9509
9666,Nagoya,Lyons,9820
9667,Nagoya,Madrid,10698
9668,Nagoya,Manchester,9406
9669,Nagoya,Manila,2786
9670,Nagoya,Marseilles,10009
9671,Nagoya,Mazatln,10713
9672,Nagoya,Mecca,9270
9673,Nagoya,Melbourne,8148
9674,Nagoya,Mexico City,11547
9675,Nagoya,Milan,9634
9676,Nagoya,Montevideo,18822
9677,Nagoya,Moscow,7380
9678,Nagoya,Munich,9289
9679,Nagoya,Nagasaki,693
9680,Nagoya,Nagoya,0
9681,Nagoya,Nairobi,11008
9682,Nagoya,Nanjing (Nanking),1703
9683,Nagoya,Naples,9740
9684,Nagoya,New Delhi,5605
9685,Nagoya,Newcastle-on-Tyne,9247
9686,Nagoya,Odessa,8329
9687,Nagoya,Osaka,146
9688,Nagoya,Oslo,8359
9689,Nagoya,Panama City,13795
9690,Nagoya,Paramaribo,15295
9691,Nagoya,Paris,9660
9692,Nagoya,Perth,7775
9693,Nagoya,Plymouth,9764
9694,Nagoya,Port Moresby,5066
9695,Nagoya,Prague,8989
9696,Nagoya,Rangoon,4526
9697,Nagoya,Reykjavk,8831
9698,Nagoya,Rio de Janeiro,18662
9699,Nagoya,Rome,9756
9700,Nagoya,Salvador,17505
9701,Nagoya,Santiago,17473
9702,Nagoya,St. Petersburg,7520
9703,Nagoya,So Paulo,18682
9704,Nagoya,Shanghai,1503
9705,Nagoya,Singapore,5084
9706,Nagoya,Sofia,9054
9707,Nagoya,Stockholm,8114
9708,Nagoya,Sydney,7823
9709,Nagoya,Tananarive,11143
9710,Nagoya,Teheran,7442
9711,Nagoya,Tokyo,262
9712,Nagoya,Tripoli,10443
9713,Nagoya,Venice,9472
9714,Nagoya,Veracruz,11782
9715,Nagoya,Vienna,9037
9716,Nagoya,Vladivostok,990
9717,Nagoya,Warsaw,8491
9718,Nagoya,Wellington,9332
9719,Nagoya,Zrich,9505
9720,Nairobi,Aberdeen,7383
9721,Nairobi,Adelaide,10978
9722,Nairobi,Algiers,5506
9723,Nairobi,Amsterdam,6687
9724,Nairobi,Ankara,4614
9725,Nairobi,Asuncin,10400
9726,Nairobi,Athens,4584
9727,Nairobi,Auckland,13933
9728,Nairobi,Bangkok,7202
9729,Nairobi,Barcelona,5909
9730,Nairobi,Beijing,9216
9731,Nairobi,Belm,9492
9732,Nairobi,Belfast,7356
9733,Nairobi,Belgrade,5395
9734,Nairobi,Berlin,6384
9735,Nairobi,Birmingham,6995
9736,Nairobi,Bogot,12366
9737,Nairobi,Bombay,4529
9738,Nairobi,Bordeaux,6331
9739,Nairobi,Bremen,6598
9740,Nairobi,Brisbane,12493
9741,Nairobi,Bristol,6953
9742,Nairobi,Brussels,6578
9743,Nairobi,Bucharest,5207
9744,Nairobi,Budapest,5708
9745,Nairobi,Buenos Aires,10401
9746,Nairobi,Cairo,3546
9747,Nairobi,Calcutta,6179
9748,Nairobi,Canton,8675
9749,Nairobi,Cape Town,4096
9750,Nairobi,Caracas,11561
9751,Nairobi,Cayenne,9934
9752,Nairobi,Chihuahua,15061
9753,Nairobi,Chongqing,8136
9754,Nairobi,Copenhagen,6721
9755,Nairobi,Crdoba,10973
9756,Nairobi,Dakar,6244
9757,Nairobi,Darwin,10400
9758,Nairobi,Djibouti,1588
9759,Nairobi,Dublin,7277
9760,Nairobi,Durban,3228
9761,Nairobi,Edinburgh,7328
9762,Nairobi,Frankfurt,6329
9763,Nairobi,Georgetown,10596
9764,Nairobi,Glasgow,7370
9765,Nairobi,Guatemala City,14061
9766,Nairobi,Guayaquil,12983
9767,Nairobi,Hamburg,6598
9768,Nairobi,Hammerfest,8070
9769,Nairobi,Havana,13050
9770,Nairobi,Helsinki,6925
9771,Nairobi,Hobart,11542
9772,Nairobi,Hong Kong,8760
9773,Nairobi,Iquique,11725
9774,Nairobi,Irkutsk,8632
9775,Nairobi,Jakarta,7767
9776,Nairobi,Johannesburg,2913
9777,Nairobi,Kingston,12562
9778,Nairobi,Kinshasa,2423
9779,Nairobi,Kuala Lumpur,7218
9780,Nairobi,La Paz,11589
9781,Nairobi,Leeds,7082
9782,Nairobi,Lima,12572
9783,Nairobi,Lisbon,6481
9784,Nairobi,Liverpool,7125
9785,Nairobi,London,6837
9786,Nairobi,Lyons,6117
9787,Nairobi,Madrid,6208
9788,Nairobi,Manchester,7096
9789,Nairobi,Manila,9405
9790,Nairobi,Marseilles,5888
9791,Nairobi,Mazatln,15379
9792,Nairobi,Mecca,2564
9793,Nairobi,Melbourne,11483
9794,Nairobi,Mexico City,14830
9795,Nairobi,Milan,5883
9796,Nairobi,Montevideo,10198
9797,Nairobi,Moscow,6356
9798,Nairobi,Munich,6029
9799,Nairobi,Nagasaki,10376
9800,Nairobi,Nagoya,11008
9801,Nairobi,Nairobi,0
9802,Nairobi,Nanjing (Nanking),9335
9803,Nairobi,Naples,5227
9804,Nairobi,New Delhi,5433
9805,Nairobi,Newcastle-on-Tyne,7185
9806,Nairobi,Odessa,5356
9807,Nairobi,Osaka,10882
9808,Nairobi,Oslo,7191
9809,Nairobi,Panama City,12936
9810,Nairobi,Paramaribo,10262
9811,Nairobi,Paris,6497
9812,Nairobi,Perth,8882
9813,Nairobi,Plymouth,6950
9814,Nairobi,Port Moresby,12195
9815,Nairobi,Prague,6114
9816,Nairobi,Rangoon,6785
9817,Nairobi,Reykjavk,8700
9818,Nairobi,Rio de Janeiro,8934
9819,Nairobi,Rome,5408
9820,Nairobi,Salvador,8386
9821,Nairobi,Santiago,11548
9822,Nairobi,St. Petersburg,6846
9823,Nairobi,So Paulo,9275
9824,Nairobi,Shanghai,9571
9825,Nairobi,Singapore,7455
9826,Nairobi,Sofia,5087
9827,Nairobi,Stockholm,6948
9828,Nairobi,Sydney,12112
9829,Nairobi,Tananarive,2256
9830,Nairobi,Teheran,4410
9831,Nairobi,Tokyo,11256
9832,Nairobi,Tripoli,4560
9833,Nairobi,Venice,5744
9834,Nairobi,Veracruz,14541
9835,Nairobi,Vienna,5868
9836,Nairobi,Vladivostok,10527
9837,Nairobi,Warsaw,6149
9838,Nairobi,Wellington,13647
9839,Nairobi,Zrich,6084
9840,Nanjing (Nanking),Aberdeen,8667
9841,Nanjing (Nanking),Adelaide,7725
9842,Nanjing (Nanking),Algiers,9867
9843,Nanjing (Nanking),Amsterdam,8661
9844,Nanjing (Nanking),Ankara,7481
9845,Nanjing (Nanking),Asuncin,19187
9846,Nanjing (Nanking),Athens,8290
9847,Nanjing (Nanking),Auckland,9611
9848,Nanjing (Nanking),Bangkok,2763
9849,Nanjing (Nanking),Barcelona,9594
9850,Nanjing (Nanking),Beijing,902
9851,Nanjing (Nanking),Belm,16365
9852,Nanjing (Nanking),Belfast,9032
9853,Nanjing (Nanking),Belgrade,8152
9854,Nanjing (Nanking),Berlin,8176
9855,Nanjing (Nanking),Birmingham,9010
9856,Nanjing (Nanking),Bogot,15716
9857,Nanjing (Nanking),Bombay,4806
9858,Nanjing (Nanking),Bordeaux,9503
9859,Nanjing (Nanking),Bremen,8400
9860,Nanjing (Nanking),Brisbane,7547
9861,Nanjing (Nanking),Bristol,9116
9862,Nanjing (Nanking),Brussels,8791
9863,Nanjing (Nanking),Bucharest,7782
9864,Nanjing (Nanking),Budapest,8107
9865,Nanjing (Nanking),Buenos Aires,19634
9866,Nanjing (Nanking),Cairo,8085
9867,Nanjing (Nanking),Calcutta,3177
9868,Nanjing (Nanking),Canton,1137
9869,Nanjing (Nanking),Cape Town,12800
9870,Nanjing (Nanking),Caracas,15245
9871,Nanjing (Nanking),Cayenne,15810
9872,Nanjing (Nanking),Chihuahua,11764
9873,Nanjing (Nanking),Chongqing,1201
9874,Nanjing (Nanking),Copenhagen,8040
9875,Nanjing (Nanking),Crdoba,19719
9876,Nanjing (Nanking),Dakar,13045
9877,Nanjing (Nanking),Darwin,5111
9878,Nanjing (Nanking),Djibouti,8005
9879,Nanjing (Nanking),Dublin,9148
9880,Nanjing (Nanking),Durban,11543
9881,Nanjing (Nanking),Edinburgh,8806
9882,Nanjing (Nanking),Frankfurt,8597
9883,Nanjing (Nanking),Georgetown,15690
9884,Nanjing (Nanking),Glasgow,8861
9885,Nanjing (Nanking),Guatemala City,13954
9886,Nanjing (Nanking),Guayaquil,16152
9887,Nanjing (Nanking),Hamburg,8304
9888,Nanjing (Nanking),Hammerfest,6854
9889,Nanjing (Nanking),Havana,13475
9890,Nanjing (Nanking),Helsinki,7163
9891,Nanjing (Nanking),Hobart,8820
9892,Nanjing (Nanking),Hong Kong,1175
9893,Nanjing (Nanking),Iquique,18418
9894,Nanjing (Nanking),Irkutsk,2558
9895,Nanjing (Nanking),Jakarta,4448
9896,Nanjing (Nanking),Johannesburg,11585
9897,Nanjing (Nanking),Kingston,14205
9898,Nanjing (Nanking),Kinshasa,11542
9899,Nanjing (Nanking),Kuala Lumpur,3682
9900,Nanjing (Nanking),La Paz,18132
9901,Nanjing (Nanking),Leeds,8890
9902,Nanjing (Nanking),Lima,17254
9903,Nanjing (Nanking),Lisbon,10487
9904,Nanjing (Nanking),Liverpool,8988
9905,Nanjing (Nanking),London,8982
9906,Nanjing (Nanking),Lyons,9118
9907,Nanjing (Nanking),Madrid,10028
9908,Nanjing (Nanking),Manchester,8945
9909,Nanjing (Nanking),Manila,1953
9910,Nanjing (Nanking),Marseilles,9255
9911,Nanjing (Nanking),Mazatln,12210
9912,Nanjing (Nanking),Mecca,7776
9913,Nanjing (Nanking),Melbourne,8222
9914,Nanjing (Nanking),Mexico City,13004
9915,Nanjing (Nanking),Milan,8870
9916,Nanjing (Nanking),Montevideo,19458
9917,Nanjing (Nanking),Moscow,6590
9918,Nanjing (Nanking),Munich,8548
9919,Nanjing (Nanking),Nagasaki,1041
9920,Nanjing (Nanking),Nagoya,1703
9921,Nanjing (Nanking),Nairobi,9335
9922,Nanjing (Nanking),Nanjing (Nanking),0
9923,Nanjing (Nanking),Naples,8822
9924,Nanjing (Nanking),New Delhi,3995
9925,Nanjing (Nanking),Newcastle-on-Tyne,8805
9926,Nanjing (Nanking),Odessa,7356
9927,Nanjing (Nanking),Osaka,1567
9928,Nanjing (Nanking),Oslo,7885
9929,Nanjing (Nanking),Panama City,15052
9930,Nanjing (Nanking),Paramaribo,15766
9931,Nanjing (Nanking),Paris,9050
9932,Nanjing (Nanking),Perth,7123
9933,Nanjing (Nanking),Plymouth,9272
9934,Nanjing (Nanking),Port Moresby,5501
9935,Nanjing (Nanking),Prague,8257
9936,Nanjing (Nanking),Rangoon,2857
9937,Nanjing (Nanking),Reykjavk,8791
9938,Nanjing (Nanking),Rio de Janeiro,17983
9939,Nanjing (Nanking),Rome,8880
9940,Nanjing (Nanking),Salvador,16875
9941,Nanjing (Nanking),Santiago,19100
9942,Nanjing (Nanking),St. Petersburg,6892
9943,Nanjing (Nanking),So Paulo,18296
9944,Nanjing (Nanking),Shanghai,263
9945,Nanjing (Nanking),Singapore,3768
9946,Nanjing (Nanking),Sofia,8070
9947,Nanjing (Nanking),Stockholm,7559
9948,Nanjing (Nanking),Sydney,8076
9949,Nanjing (Nanking),Tananarive,9462
9950,Nanjing (Nanking),Teheran,6086
9951,Nanjing (Nanking),Tokyo,1964
9952,Nanjing (Nanking),Tripoli,9392
9953,Nanjing (Nanking),Venice,8668
9954,Nanjing (Nanking),Veracruz,13205
9955,Nanjing (Nanking),Vienna,8245
9956,Nanjing (Nanking),Vladivostok,1687
9957,Nanjing (Nanking),Warsaw,7741
9958,Nanjing (Nanking),Wellington,9963
9959,Nanjing (Nanking),Zrich,8786
9960,Naples,Aberdeen,2160
9961,Naples,Adelaide,15168
9962,Naples,Algiers,1070
9963,Naples,Amsterdam,1465
9964,Naples,Ankara,1581
9965,Naples,Asuncin,10431
9966,Naples,Athens,873
9967,Naples,Auckland,18273
9968,Naples,Bangkok,8702
9969,Naples,Barcelona,1014
9970,Naples,Beijing,8084
9971,Naples,Belm,7866
9972,Naples,Belfast,2136
9973,Naples,Belgrade,680
9974,Naples,Berlin,1298
9975,Naples,Birmingham,1776
9976,Naples,Bogot,9552
9977,Naples,Bombay,6017
9978,Naples,Bordeaux,1281
9979,Naples,Bremen,1422
9980,Naples,Brisbane,15994
9981,Naples,Bristol,1747
9982,Naples,Brussels,1350
9983,Naples,Bucharest,1048
9984,Naples,Budapest,835
9985,Naples,Buenos Aires,11193
9986,Naples,Cairo,1954
9987,Naples,Calcutta,7092
9988,Naples,Canton,9062
9989,Naples,Cape Town,8322
9990,Naples,Caracas,8518
9991,Naples,Cayenne,7695
9992,Naples,Chihuahua,10149
9993,Naples,Chongqing,8079
9994,Naples,Copenhagen,1653
9995,Naples,Crdoba,11366
9996,Naples,Dakar,4223
9997,Naples,Darwin,13138
9998,Naples,Djibouti,4306
9999,Naples,Dublin,2069
10000,Naples,Durban,8047
10001,Naples,Edinburgh,2101
10002,Naples,Frankfurt,1119
10003,Naples,Georgetown,8047
10004,Naples,Glasgow,2142
10005,Naples,Guatemala City,10145
10006,Naples,Guayaquil,10516
10007,Naples,Hamburg,1448
10008,Naples,Hammerfest,3356
10009,Naples,Havana,8877
10010,Naples,Helsinki,2273
10011,Naples,Hobart,16171
10012,Naples,Hong Kong,9191
10013,Naples,Iquique,11003
10014,Naples,Irkutsk,6537
10015,Naples,Jakarta,10676
10016,Naples,Johannesburg,7589
10017,Naples,Kingston,8799
10018,Naples,Kinshasa,5019
10019,Naples,Kuala Lumpur,9565
10020,Naples,La Paz,10593
10021,Naples,Leeds,1855
10022,Naples,Lima,10983
10023,Naples,Lisbon,2007
10024,Naples,Liverpool,1903
10025,Naples,London,1617
10026,Naples,Lyons,936
10027,Naples,Madrid,1512
10028,Naples,Manchester,1872
10029,Naples,Manila,10299
10030,Naples,Marseilles,786
10031,Naples,Mazatln,10627
10032,Naples,Mecca,3220
10033,Naples,Melbourne,15817
10034,Naples,Mexico City,10424
10035,Naples,Milan,658
10036,Naples,Montevideo,11069
10037,Naples,Moscow,2373
10038,Naples,Munich,838
10039,Naples,Nagasaki,9507
10040,Naples,Nagoya,9740
10041,Naples,Nairobi,5227
10042,Naples,Nanjing (Nanking),8822
10043,Naples,Naples,0
10044,Naples,New Delhi,5787
10045,Naples,Newcastle-on-Tyne,1957
10046,Naples,Odessa,1467
10047,Naples,Osaka,9705
10048,Naples,Oslo,2139
10049,Naples,Panama City,9672
10050,Naples,Paramaribo,7870
10051,Naples,Paris,1288
10052,Naples,Perth,13163
10053,Naples,Plymouth,1771
10054,Naples,Port Moresby,14226
10055,Naples,Prague,1028
10056,Naples,Rangoon,8111
10057,Naples,Reykjavk,3474
10058,Naples,Rio de Janeiro,9241
10059,Naples,Rome,191
10060,Naples,Salvador,8062
10061,Naples,Santiago,11985
10062,Naples,St. Petersburg,2394
10063,Naples,So Paulo,9510
10064,Naples,Shanghai,9069
10065,Naples,Singapore,9889
10066,Naples,Sofia,780
10067,Naples,Stockholm,2068
10068,Naples,Sydney,16160
10069,Naples,Tananarive,7472
10070,Naples,Teheran,3295
10071,Naples,Tokyo,9852
10072,Naples,Tripoli,881
10073,Naples,Venice,534
10074,Naples,Veracruz,10228
10075,Naples,Vienna,839
10076,Naples,Vladivostok,8787
10077,Naples,Warsaw,1367
10078,Naples,Wellington,18385
10079,Naples,Zrich,856
10080,New Delhi,Aberdeen,6745
10081,New Delhi,Adelaide,9555
10082,New Delhi,Algiers,6831
10083,New Delhi,Amsterdam,6359
10084,New Delhi,Ankara,4213
10085,New Delhi,Asuncin,15550
10086,New Delhi,Athens,5011
10087,New Delhi,Auckland,12486
10088,New Delhi,Bangkok,2915
10089,New Delhi,Barcelona,6772
10090,New Delhi,Beijing,3783
10091,New Delhi,Belm,13523
10092,New Delhi,Belfast,7027
10093,New Delhi,Belgrade,5247
10094,New Delhi,Berlin,5781
10095,New Delhi,Birmingham,6815
10096,New Delhi,Bogot,15231
10097,New Delhi,Bombay,1155
10098,New Delhi,Bordeaux,6891
10099,New Delhi,Bremen,6090
10100,New Delhi,Brisbane,10207
10101,New Delhi,Bristol,6880
10102,New Delhi,Brussels,6413
10103,New Delhi,Bucharest,4804
10104,New Delhi,Budapest,5363
10105,New Delhi,Buenos Aires,15787
10106,New Delhi,Cairo,4418
10107,New Delhi,Calcutta,1306
10108,New Delhi,Canton,3644
10109,New Delhi,Cape Town,9304
10110,New Delhi,Caracas,14217
10111,New Delhi,Cayenne,13464
10112,New Delhi,Chihuahua,13645
10113,New Delhi,Chongqing,2846
10114,New Delhi,Copenhagen,5849
10115,New Delhi,Crdoba,16300
10116,New Delhi,Dakar,9675
10117,New Delhi,Darwin,7351
10118,New Delhi,Djibouti,4019
10119,New Delhi,Dublin,7079
10120,New Delhi,Durban,8149
10121,New Delhi,Edinburgh,6828
10122,New Delhi,Frankfurt,6117
10123,New Delhi,Georgetown,13834
10124,New Delhi,Glasgow,6896
10125,New Delhi,Guatemala City,15033
10126,New Delhi,Guayaquil,16207
10127,New Delhi,Hamburg,6008
10128,New Delhi,Hammerfest,5711
10129,New Delhi,Havana,13862
10130,New Delhi,Helsinki,5219
10131,New Delhi,Hobart,10687
10132,New Delhi,Hong Kong,3762
10133,New Delhi,Iquique,16587
10134,New Delhi,Irkutsk,3470
10135,New Delhi,Jakarta,5007
10136,New Delhi,Johannesburg,8037
10137,New Delhi,Kingston,14131
10138,New Delhi,Kinshasa,7549
10139,New Delhi,Kuala Lumpur,3837
10140,New Delhi,La Paz,16246
10141,New Delhi,Leeds,6762
10142,New Delhi,Lima,16769
10143,New Delhi,Lisbon,7777
10144,New Delhi,Liverpool,6866
10145,New Delhi,London,6709
10146,New Delhi,Lyons,6461
10147,New Delhi,Madrid,7274
10148,New Delhi,Manchester,6816
10149,New Delhi,Manila,4753
10150,New Delhi,Marseilles,6470
10151,New Delhi,Mazatln,14244
10152,New Delhi,Mecca,3838
10153,New Delhi,Melbourne,10202
10154,New Delhi,Mexico City,14661
10155,New Delhi,Milan,6132
10156,New Delhi,Montevideo,15589
10157,New Delhi,Moscow,4345
10158,New Delhi,Munich,5921
10159,New Delhi,Nagasaki,5014
10160,New Delhi,Nagoya,5605
10161,New Delhi,Nairobi,5433
10162,New Delhi,Nanjing (Nanking),3995
10163,New Delhi,Naples,5787
10164,New Delhi,New Delhi,0
10165,New Delhi,Newcastle-on-Tyne,6748
10166,New Delhi,Odessa,4468
10167,New Delhi,Osaka,5488
10168,New Delhi,Oslo,5991
10169,New Delhi,Panama City,15149
10170,New Delhi,Paramaribo,13655
10171,New Delhi,Paris,6590
10172,New Delhi,Perth,7874
10173,New Delhi,Plymouth,7008
10174,New Delhi,Port Moresby,8601
10175,New Delhi,Prague,5707
10176,New Delhi,Rangoon,2323
10177,New Delhi,Reykjavk,7599
10178,New Delhi,Rio de Janeiro,14073
10179,New Delhi,Rome,5921
10180,New Delhi,Salvador,13179
10181,New Delhi,Santiago,16925
10182,New Delhi,St. Petersburg,4935
10183,New Delhi,So Paulo,14414
10184,New Delhi,Shanghai,4249
10185,New Delhi,Singapore,4157
10186,New Delhi,Sofia,5022
10187,New Delhi,Stockholm,5571
10188,New Delhi,Sydney,10418
10189,New Delhi,Tananarive,6160
10190,New Delhi,Teheran,2515
10191,New Delhi,Tokyo,5845
10192,New Delhi,Tripoli,6040
10193,New Delhi,Venice,5887
10194,New Delhi,Veracruz,14657
10195,New Delhi,Vienna,5569
10196,New Delhi,Vladivostok,5098
10197,New Delhi,Warsaw,5266
10198,New Delhi,Wellington,12648
10199,New Delhi,Zrich,6157
10200,Newcastle-on-Tyne,Aberdeen,245
10201,Newcastle-on-Tyne,Adelaide,16250
10202,Newcastle-on-Tyne,Algiers,2046
10203,Newcastle-on-Tyne,Amsterdam,516
10204,Newcastle-on-Tyne,Ankara,3042
10205,Newcastle-on-Tyne,Asuncin,10385
10206,Newcastle-on-Tyne,Athens,2680
10207,Newcastle-on-Tyne,Auckland,17983
10208,Newcastle-on-Tyne,Bangkok,9512
10209,Newcastle-on-Tyne,Barcelona,1535
10210,Newcastle-on-Tyne,Beijing,7942
10211,Newcastle-on-Tyne,Belm,7583
10212,Newcastle-on-Tyne,Belfast,279
10213,Newcastle-on-Tyne,Belgrade,1929
10214,Newcastle-on-Tyne,Berlin,1023
10215,Newcastle-on-Tyne,Birmingham,284
10216,Newcastle-on-Tyne,Bogot,8492
10217,Newcastle-on-Tyne,Bombay,7299
10218,Newcastle-on-Tyne,Bordeaux,1129
10219,Newcastle-on-Tyne,Bremen,712
10220,Newcastle-on-Tyne,Brisbane,16343
10221,Newcastle-on-Tyne,Bristol,394
10222,Newcastle-on-Tyne,Brussels,606
10223,Newcastle-on-Tyne,Bucharest,2291
10224,Newcastle-on-Tyne,Budapest,1654
10225,Newcastle-on-Tyne,Buenos Aires,11327
10226,Newcastle-on-Tyne,Cairo,3806
10227,Newcastle-on-Tyne,Calcutta,7972
10228,Newcastle-on-Tyne,Canton,9372
10229,Newcastle-on-Tyne,Cape Town,10066
10230,Newcastle-on-Tyne,Caracas,7499
10231,Newcastle-on-Tyne,Cayenne,7167
10232,Newcastle-on-Tyne,Chihuahua,8290
10233,Newcastle-on-Tyne,Chongqing,8391
10234,Newcastle-on-Tyne,Copenhagen,899
10235,Newcastle-on-Tyne,Crdoba,11301
10236,Newcastle-on-Tyne,Dakar,4685
10237,Newcastle-on-Tyne,Darwin,13757
10238,Newcastle-on-Tyne,Djibouti,6195
10239,Newcastle-on-Tyne,Dublin,352
10240,Newcastle-on-Tyne,Durban,9932
10241,Newcastle-on-Tyne,Edinburgh,143
10242,Newcastle-on-Tyne,Frankfurt,879
10243,Newcastle-on-Tyne,Georgetown,7317
10244,Newcastle-on-Tyne,Glasgow,192
10245,Newcastle-on-Tyne,Guatemala City,8612
10246,Newcastle-on-Tyne,Guayaquil,9464
10247,Newcastle-on-Tyne,Hamburg,771
10248,Newcastle-on-Tyne,Hammerfest,2129
10249,Newcastle-on-Tyne,Havana,7341
10250,Newcastle-on-Tyne,Helsinki,1675
10251,Newcastle-on-Tyne,Hobart,17407
10252,Newcastle-on-Tyne,Hong Kong,9497
10253,Newcastle-on-Tyne,Iquique,10548
10254,Newcastle-on-Tyne,Irkutsk,6269
10255,Newcastle-on-Tyne,Jakarta,11747
10256,Newcastle-on-Tyne,Johannesburg,9459
10257,Newcastle-on-Tyne,Kingston,7439
10258,Newcastle-on-Tyne,Kinshasa,6771
10259,Newcastle-on-Tyne,Kuala Lumpur,10564
10260,Newcastle-on-Tyne,La Paz,10100
10261,Newcastle-on-Tyne,Leeds,135
10262,Newcastle-on-Tyne,Lima,10191
10263,Newcastle-on-Tyne,Lisbon,1891
10264,Newcastle-on-Tyne,Liverpool,194
10265,Newcastle-on-Tyne,London,395
10266,Newcastle-on-Tyne,Lyons,1121
10267,Newcastle-on-Tyne,Madrid,1623
10268,Newcastle-on-Tyne,Manchester,168
10269,Newcastle-on-Tyne,Manila,10600
10270,Newcastle-on-Tyne,Marseilles,1387
10271,Newcastle-on-Tyne,Mazatln,8804
10272,Newcastle-on-Tyne,Mecca,5060
10273,Newcastle-on-Tyne,Melbourne,16866
10274,Newcastle-on-Tyne,Mexico City,8713
10275,Newcastle-on-Tyne,Milan,1304
10276,Newcastle-on-Tyne,Montevideo,11258
10277,Newcastle-on-Tyne,Moscow,2447
10278,Newcastle-on-Tyne,Munich,1184
10279,Newcastle-on-Tyne,Nagasaki,9219
10280,Newcastle-on-Tyne,Nagoya,9247
10281,Newcastle-on-Tyne,Nairobi,7185
10282,Newcastle-on-Tyne,Nanjing (Nanking),8805
10283,Newcastle-on-Tyne,Naples,1957
10284,Newcastle-on-Tyne,New Delhi,6748
10285,Newcastle-on-Tyne,Newcastle-on-Tyne,0
10286,Newcastle-on-Tyne,Odessa,2443
10287,Newcastle-on-Tyne,Osaka,9256
10288,Newcastle-on-Tyne,Oslo,919
10289,Newcastle-on-Tyne,Panama City,8421
10290,Newcastle-on-Tyne,Paramaribo,7241
10291,Newcastle-on-Tyne,Paris,737
10292,Newcastle-on-Tyne,Perth,14583
10293,Newcastle-on-Tyne,Plymouth,532
10294,Newcastle-on-Tyne,Port Moresby,14252
10295,Newcastle-on-Tyne,Prague,1210
10296,Newcastle-on-Tyne,Rangoon,8956
10297,Newcastle-on-Tyne,Reykjavk,1518
10298,Newcastle-on-Tyne,Rio de Janeiro,9522
10299,Newcastle-on-Tyne,Rome,1778
10300,Newcastle-on-Tyne,Salvador,8301
10301,Newcastle-on-Tyne,Santiago,11821
10302,Newcastle-on-Tyne,St. Petersburg,1965
10303,Newcastle-on-Tyne,So Paulo,9713
10304,Newcastle-on-Tyne,Shanghai,9011
10305,Newcastle-on-Tyne,Singapore,10877
10306,Newcastle-on-Tyne,Sofia,2261
10307,Newcastle-on-Tyne,Stockholm,1274
10308,Newcastle-on-Tyne,Sydney,16868
10309,Newcastle-on-Tyne,Tananarive,9427
10310,Newcastle-on-Tyne,Teheran,4542
10311,Newcastle-on-Tyne,Tokyo,9285
10312,Newcastle-on-Tyne,Tripoli,2707
10313,Newcastle-on-Tyne,Venice,1447
10314,Newcastle-on-Tyne,Veracruz,8556
10315,Newcastle-on-Tyne,Vienna,1442
10316,Newcastle-on-Tyne,Vladivostok,8256
10317,Newcastle-on-Tyne,Warsaw,1515
10318,Newcastle-on-Tyne,Wellington,18470
10319,Newcastle-on-Tyne,Zrich,1100
10320,Odessa,Aberdeen,2524
10321,Odessa,Adelaide,14008
10322,Odessa,Algiers,2528
10323,Odessa,Amsterdam,1974
10324,Odessa,Ankara,746
10325,Odessa,Asuncin,11898
10326,Odessa,Athens,1108
10327,Odessa,Auckland,16868
10328,Odessa,Bangkok,7354
10329,Odessa,Barcelona,2348
10330,Odessa,Beijing,6631
10331,Odessa,Belm,9308
10332,Odessa,Belfast,2713
10333,Odessa,Belgrade,816
10334,Odessa,Berlin,1419
10335,Odessa,Birmingham,2433
10336,Odessa,Bogot,10780
10337,Odessa,Bombay,4885
10338,Odessa,Bordeaux,2425
10339,Odessa,Bremen,1733
10340,Odessa,Brisbane,14611
10341,Odessa,Bristol,2477
10342,Odessa,Brussels,1990
10343,Odessa,Bucharest,429
10344,Odessa,Budapest,895
10345,Odessa,Buenos Aires,12651
10346,Odessa,Cairo,1826
10347,Odessa,Calcutta,5754
10348,Odessa,Canton,7607
10349,Odessa,Cape Town,9022
10350,Odessa,Caracas,9756
10351,Odessa,Cayenne,9091
10352,Odessa,Chihuahua,10609
10353,Odessa,Chongqing,6620
10354,Odessa,Copenhagen,1626
10355,Odessa,Crdoba,12833
10356,Odessa,Dakar,5688
10357,Odessa,Darwin,11774
10358,Odessa,Djibouti,4054
10359,Odessa,Dublin,2727
10360,Odessa,Durban,8487
10361,Odessa,Edinburgh,2557
10362,Odessa,Frankfurt,1679
10363,Odessa,Georgetown,9391
10364,Odessa,Glasgow,2622
10365,Odessa,Guatemala City,11054
10366,Odessa,Guayaquil,11756
10367,Odessa,Hamburg,1672
10368,Odessa,Hammerfest,2716
10369,Odessa,Havana,9782
10370,Odessa,Helsinki,1571
10371,Odessa,Hobart,15114
10372,Odessa,Hong Kong,7737
10373,Odessa,Iquique,12438
10374,Odessa,Irkutsk,5121
10375,Odessa,Jakarta,9455
10376,Odessa,Johannesburg,8083
10377,Odessa,Kingston,9845
10378,Odessa,Kinshasa,5846
10379,Odessa,Kuala Lumpur,8300
10380,Odessa,La Paz,12019
10381,Odessa,Leeds,2417
10382,Odessa,Lima,12333
10383,Odessa,Lisbon,3342
10384,Odessa,Liverpool,2512
10385,Odessa,London,2304
10386,Odessa,Lyons,1994
10387,Odessa,Madrid,2840
10388,Odessa,Manchester,2464
10389,Odessa,Manila,8849
10390,Odessa,Marseilles,2026
10391,Odessa,Mazatln,11155
10392,Odessa,Mecca,2891
10393,Odessa,Melbourne,14659
10394,Odessa,Mexico City,11133
10395,Odessa,Milan,1670
10396,Odessa,Montevideo,12522
10397,Odessa,Moscow,1136
10398,Odessa,Munich,1457
10399,Odessa,Nagasaki,8062
10400,Odessa,Nagoya,8329
10401,Odessa,Nairobi,5356
10402,Odessa,Nanjing (Nanking),7356
10403,Odessa,Naples,1467
10404,Odessa,New Delhi,4468
10405,Odessa,Newcastle-on-Tyne,2443
10406,Odessa,Odessa,0
10407,Odessa,Osaka,8286
10408,Odessa,Oslo,1995
10409,Odessa,Panama City,10796
10410,Odessa,Paramaribo,9242
10411,Odessa,Paris,2136
10412,Odessa,Perth,12172
10413,Odessa,Plymouth,2586
10414,Odessa,Port Moresby,12769
10415,Odessa,Prague,1273
10416,Odessa,Rangoon,6770
10417,Odessa,Reykjavk,3722
10418,Odessa,Rio de Janeiro,10695
10419,Odessa,Rome,1544
10420,Odessa,Salvador,9524
10421,Odessa,Santiago,13452
10422,Odessa,St. Petersburg,1499
10423,Odessa,So Paulo,10969
10424,Odessa,Shanghai,7604
10425,Odessa,Singapore,8622
10426,Odessa,Sofia,725
10427,Odessa,Stockholm,1657
10428,Odessa,Sydney,14882
10429,Odessa,Tananarive,7451
10430,Odessa,Teheran,2110
10431,Odessa,Tokyo,8458
10432,Odessa,Tripoli,2116
10433,Odessa,Venice,1429
10434,Odessa,Veracruz,10988
10435,Odessa,Vienna,1106
10436,Odessa,Vladivostok,7398
10437,Odessa,Warsaw,956
10438,Odessa,Wellington,17097
10439,Odessa,Zrich,1690
10440,Osaka,Aberdeen,9074
10441,Osaka,Adelaide,7729
10442,Osaka,Algiers,10681
10443,Osaka,Amsterdam,9231
10444,Osaka,Ankara,8554
10445,Osaka,Asuncin,18381
10446,Osaka,Athens,9319
10447,Osaka,Auckland,8917
10448,Osaka,Bangkok,4202
10449,Osaka,Barcelona,10323
10450,Osaka,Beijing,1788
10451,Osaka,Belm,16315
10452,Osaka,Belfast,9438
10453,Osaka,Belgrade,9025
10454,Osaka,Berlin,8832
10455,Osaka,Birmingham,9501
10456,Osaka,Bogot,14669
10457,Osaka,Bombay,6359
10458,Osaka,Bordeaux,10139
10459,Osaka,Bremen,8999
10460,Osaka,Brisbane,7141
10461,Osaka,Bristol,9615
10462,Osaka,Brussels,9384
10463,Osaka,Bucharest,8715
10464,Osaka,Budapest,8916
10465,Osaka,Buenos Aires,18746
10466,Osaka,Cairo,9309
10467,Osaka,Calcutta,4743
10468,Osaka,Canton,2503
10469,Osaka,Cape Town,14334
10470,Osaka,Caracas,14475
10471,Osaka,Cayenne,15563
10472,Osaka,Chihuahua,10470
10473,Osaka,Chongqing,2765
10474,Osaka,Copenhagen,8623
10475,Osaka,Crdoba,18152
10476,Osaka,Dakar,13843
10477,Osaka,Darwin,5249
10478,Osaka,Djibouti,9506
10479,Osaka,Dublin,9571
10480,Osaka,Durban,13072
10481,Osaka,Edinburgh,9222
10482,Osaka,Frankfurt,9251
10483,Osaka,Georgetown,15202
10484,Osaka,Glasgow,9267
10485,Osaka,Guatemala City,12702
10486,Osaka,Guayaquil,14878
10487,Osaka,Hamburg,8906
10488,Osaka,Hammerfest,7154
10489,Osaka,Havana,12457
10490,Osaka,Helsinki,7741
10491,Osaka,Hobart,8689
10492,Osaka,Hong Kong,2478
10493,Osaka,Iquique,17036
10494,Osaka,Irkutsk,3168
10495,Osaka,Jakarta,5445
10496,Osaka,Johannesburg,13137
10497,Osaka,Kingston,13249
10498,Osaka,Kinshasa,13023
10499,Osaka,Kuala Lumpur,4936
10500,Osaka,La Paz,16902
10501,Osaka,Leeds,9363
10502,Osaka,Lima,15885
10503,Osaka,Lisbon,11092
10504,Osaka,Liverpool,9449
10505,Osaka,London,9511
10506,Osaka,Lyons,9807
10507,Osaka,Madrid,10690
10508,Osaka,Manchester,9414
10509,Osaka,Manila,2654
10510,Osaka,Marseilles,9991
10511,Osaka,Mazatln,10858
10512,Osaka,Mecca,9171
10513,Osaka,Melbourne,8100
10514,Osaka,Mexico City,11691
10515,Osaka,Milan,9614
10516,Osaka,Montevideo,18948
10517,Osaka,Moscow,7351
10518,Osaka,Munich,9270
10519,Osaka,Nagasaki,548
10520,Osaka,Nagoya,146
10521,Osaka,Nairobi,10882
10522,Osaka,Nanjing (Nanking),1567
10523,Osaka,Naples,9705
10524,Osaka,New Delhi,5488
10525,Osaka,Newcastle-on-Tyne,9256
10526,Osaka,Odessa,8286
10527,Osaka,Osaka,0
10528,Osaka,Oslo,8363
10529,Osaka,Panama City,13933
10530,Osaka,Paramaribo,15395
10531,Osaka,Paris,9654
10532,Osaka,Perth,7672
10533,Osaka,Plymouth,9770
10534,Osaka,Port Moresby,5038
10535,Osaka,Prague,8970
10536,Osaka,Rangoon,4382
10537,Osaka,Reykjavk,8873
10538,Osaka,Rio de Janeiro,18720
10539,Osaka,Rome,9725
10540,Osaka,Salvador,17537
10541,Osaka,Santiago,17599
10542,Osaka,St. Petersburg,7507
10543,Osaka,So Paulo,18774
10544,Osaka,Shanghai,1361
10545,Osaka,Singapore,4943
10546,Osaka,Sofia,9011
10547,Osaka,Stockholm,8110
10548,Osaka,Sydney,7789
10549,Osaka,Tananarive,10999
10550,Osaka,Teheran,7358
10551,Osaka,Tokyo,406
10552,Osaka,Tripoli,10396
10553,Osaka,Venice,9448
10554,Osaka,Veracruz,11925
10555,Osaka,Vienna,9013
10556,Osaka,Vladivostok,1006
10557,Osaka,Warsaw,8470
10558,Osaka,Wellington,9336
10559,Osaka,Zrich,9489
10560,Oslo,Aberdeen,806
10561,Oslo,Adelaide,15388
10562,Oslo,Algiers,2628
10563,Oslo,Amsterdam,916
10564,Oslo,Ankara,2708
10565,Oslo,Asuncin,11305
10566,Oslo,Athens,2611
10567,Oslo,Auckland,17208
10568,Oslo,Bangkok,8676
10569,Oslo,Barcelona,2146
10570,Oslo,Beijing,7023
10571,Oslo,Belm,8500
10572,Oslo,Belfast,1157
10573,Oslo,Belgrade,1800
10574,Oslo,Berlin,845
10575,Oslo,Birmingham,1141
10576,Oslo,Bogot,9290
10577,Oslo,Bombay,6646
10578,Oslo,Bordeaux,1839
10579,Oslo,Bremen,772
10580,Oslo,Brisbane,15425
10581,Oslo,Bristol,1253
10582,Oslo,Brussels,1085
10583,Oslo,Bucharest,2010
10584,Oslo,Budapest,1487
10585,Oslo,Buenos Aires,12244
10586,Oslo,Cairo,3666
10587,Oslo,Calcutta,7170
10588,Oslo,Canton,8464
10589,Oslo,Cape Town,10461
10590,Oslo,Caracas,8319
10591,Oslo,Cayenne,8071
10592,Oslo,Chihuahua,8617
10593,Oslo,Chongqing,7487
10594,Oslo,Copenhagen,488
10595,Oslo,Crdoba,12220
10596,Oslo,Dakar,5531
10597,Oslo,Darwin,12856
10598,Oslo,Djibouti,6009
10599,Oslo,Dublin,1265
10600,Oslo,Durban,10158
10601,Oslo,Edinburgh,930
10602,Oslo,Frankfurt,1100
10603,Oslo,Georgetown,8197
10604,Oslo,Glasgow,992
10605,Oslo,Guatemala City,9214
10606,Oslo,Guayaquil,10251
10607,Oslo,Hamburg,712
10608,Oslo,Hammerfest,1324
10609,Oslo,Havana,7963
10610,Oslo,Helsinki,792
10611,Oslo,Hobart,16548
10612,Oslo,Hong Kong,8588
10613,Oslo,Iquique,11442
10614,Oslo,Irkutsk,5352
10615,Oslo,Jakarta,10949
10616,Oslo,Johannesburg,9710
10617,Oslo,Kingston,8147
10618,Oslo,Kinshasa,7155
10619,Oslo,Kuala Lumpur,9761
10620,Oslo,La Paz,10992
10621,Oslo,Leeds,1009
10622,Oslo,Lima,11035
10623,Oslo,Lisbon,2738
10624,Oslo,Liverpool,1104
10625,Oslo,London,1150
10626,Oslo,Lyons,1625
10627,Oslo,Madrid,2388
10628,Oslo,Manchester,1063
10629,Oslo,Manila,9687
10630,Oslo,Marseilles,1882
10631,Oslo,Mazatln,9169
10632,Oslo,Mecca,4846
10633,Oslo,Melbourne,15985
10634,Oslo,Mexico City,9190
10635,Oslo,Milan,1615
10636,Oslo,Montevideo,12174
10637,Oslo,Moscow,1645
10638,Oslo,Munich,1315
10639,Oslo,Nagasaki,8310
10640,Oslo,Nagoya,8359
10641,Oslo,Nairobi,7191
10642,Oslo,Nanjing (Nanking),7885
10643,Oslo,Naples,2139
10644,Oslo,New Delhi,5991
10645,Oslo,Newcastle-on-Tyne,919
10646,Oslo,Odessa,1995
10647,Oslo,Osaka,8363
10648,Oslo,Oslo,0
10649,Oslo,Panama City,9158
10650,Oslo,Paramaribo,8134
10651,Oslo,Paris,1350
10652,Oslo,Perth,13865
10653,Oslo,Plymouth,1409
10654,Oslo,Port Moresby,13340
10655,Oslo,Prague,1122
10656,Oslo,Rangoon,8133
10657,Oslo,Reykjavk,1743
10658,Oslo,Rio de Janeiro,10427
10659,Oslo,Rome,2010
10660,Oslo,Salvador,9205
10661,Oslo,Santiago,12735
10662,Oslo,St. Petersburg,1087
10663,Oslo,So Paulo,10624
10664,Oslo,Shanghai,8092
10665,Oslo,Singapore,10067
10666,Oslo,Sofia,2104
10667,Oslo,Stockholm,419
10668,Oslo,Sydney,15952
10669,Oslo,Tananarive,9370
10670,Oslo,Teheran,3968
10671,Oslo,Tokyo,8408
10672,Oslo,Tripoli,3007
10673,Oslo,Venice,1617
10674,Oslo,Veracruz,9067
10675,Oslo,Vienna,1352
10676,Oslo,Vladivostok,7368
10677,Oslo,Warsaw,1067
10678,Oslo,Wellington,17669
10679,Oslo,Zrich,1408
10680,Panama City,Aberdeen,8411
10681,Panama City,Adelaide,15186
10682,Panama City,Algiers,8749
10683,Panama City,Amsterdam,8840
10684,Panama City,Ankara,11220
10685,Panama City,Asuncin,4481
10686,Panama City,Athens,10534
10687,Panama City,Auckland,11999
10688,Panama City,Bangkok,17489
10689,Panama City,Barcelona,8658
10690,Panama City,Beijing,14336
10691,Panama City,Belm,3630
10692,Panama City,Belfast,8142
10693,Panama City,Belgrade,10086
10694,Panama City,Berlin,9416
10695,Panama City,Birmingham,8379
10696,Panama City,Bogot,763
10697,Panama City,Bombay,15671
10698,Panama City,Bordeaux,8441
10699,Panama City,Bremen,9101
10700,Panama City,Brisbane,14134
10701,Panama City,Bristol,8326
10702,Panama City,Brussels,8808
10703,Panama City,Bucharest,10525
10704,Panama City,Budapest,9912
10705,Panama City,Buenos Aires,5330
10706,Panama City,Cairo,11465
10707,Panama City,Calcutta,16270
10708,Panama City,Canton,16185
10709,Panama City,Cape Town,11288
10710,Panama City,Caracas,1379
10711,Panama City,Cayenne,3040
10712,Panama City,Chihuahua,3530
10713,Panama City,Chongqing,15658
10714,Panama City,Copenhagen,9316
10715,Panama City,Crdoba,4784
10716,Panama City,Dakar,6766
10717,Panama City,Darwin,16674
10718,Panama City,Djibouti,13271
10719,Panama City,Dublin,8101
10720,Panama City,Durban,12466
10721,Panama City,Edinburgh,8334
10722,Panama City,Frankfurt,9117
10723,Panama City,Georgetown,2356
10724,Panama City,Glasgow,8266
10725,Panama City,Guatemala City,1349
10726,Panama City,Guayaquil,1238
10727,Panama City,Hamburg,9178
10728,Panama City,Hammerfest,9545
10729,Panama City,Havana,1604
10730,Panama City,Helsinki,9931
10731,Panama City,Hobart,14116
10732,Panama City,Hong Kong,16227
10733,Panama City,Iquique,3399
10734,Panama City,Irkutsk,13170
10735,Panama City,Jakarta,19255
10736,Panama City,Johannesburg,12196
10737,Panama City,Kingston,1044
10738,Panama City,Kinshasa,10609
10739,Panama City,Kuala Lumpur,18662
10740,Panama City,La Paz,3081
10741,Panama City,Leeds,8418
10742,Panama City,Lima,2347
10743,Panama City,Lisbon,7687
10744,Panama City,Liverpool,8316
10745,Panama City,London,8499
10746,Panama City,Lyons,8858
10747,Panama City,Madrid,8165
10748,Panama City,Manchester,8367
10749,Panama City,Manila,16556
10750,Panama City,Marseilles,8911
10751,Panama City,Mazatln,3269
10752,Panama City,Mecca,12577
10753,Panama City,Melbourne,14534
10754,Panama City,Mexico City,2406
10755,Panama City,Milan,9197
10756,Panama City,Montevideo,5460
10757,Panama City,Moscow,10804
10758,Panama City,Munich,9348
10759,Panama City,Nagasaki,14418
10760,Panama City,Nagoya,13795
10761,Panama City,Nairobi,12936
10762,Panama City,Nanjing (Nanking),15052
10763,Panama City,Naples,9672
10764,Panama City,New Delhi,15149
10765,Panama City,Newcastle-on-Tyne,8421
10766,Panama City,Odessa,10796
10767,Panama City,Osaka,13933
10768,Panama City,Oslo,9158
10769,Panama City,Panama City,0
10770,Panama City,Paramaribo,2701
10771,Panama City,Paris,8664
10772,Panama City,Perth,17006
10773,Panama City,Plymouth,8211
10774,Panama City,Port Moresby,14896
10775,Panama City,Prague,9524
10776,Panama City,Rangoon,17104
10777,Panama City,Reykjavk,7580
10778,Panama City,Rio de Janeiro,5312
10779,Panama City,Rome,9505
10780,Panama City,Salvador,5149
10781,Panama City,Santiago,4808
10782,Panama City,St. Petersburg,10217
10783,Panama City,So Paulo,5091
10784,Panama City,Shanghai,15023
10785,Panama City,Singapore,18818
10786,Panama City,Sofia,10365
10787,Panama City,Stockholm,9577
10788,Panama City,Sydney,14168
10789,Panama City,Tananarive,14219
10790,Panama City,Teheran,12894
10791,Panama City,Tokyo,13568
10792,Panama City,Tripoli,9719
10793,Panama City,Venice,9443
10794,Panama City,Veracruz,2119
10795,Panama City,Vienna,9695
10796,Panama City,Vladivostok,13398
10797,Panama City,Warsaw,9927
10798,Panama City,Wellington,11972
10799,Panama City,Zrich,9129
10800,Paramaribo,Aberdeen,7328
10801,Paramaribo,Adelaide,16474
10802,Paramaribo,Algiers,6824
10803,Paramaribo,Amsterdam,7511
10804,Paramaribo,Ankara,9441
10805,Paramaribo,Asuncin,3456
10806,Paramaribo,Athens,8648
10807,Paramaribo,Auckland,13885
10808,Paramaribo,Bangkok,16570
10809,Paramaribo,Barcelona,6901
10810,Paramaribo,Beijing,14865
10811,Paramaribo,Belm,1099
10812,Paramaribo,Belfast,6981
10813,Paramaribo,Belgrade,8438
10814,Paramaribo,Berlin,8067
10815,Paramaribo,Birmingham,7092
10816,Paramaribo,Bogot,2108
10817,Paramaribo,Bombay,13696
10818,Paramaribo,Bordeaux,6832
10819,Paramaribo,Bremen,7787
10820,Paramaribo,Brisbane,16164
10821,Paramaribo,Bristol,7003
10822,Paramaribo,Brussels,7418
10823,Paramaribo,Bucharest,8875
10824,Paramaribo,Budapest,8362
10825,Paramaribo,Buenos Aires,4496
10826,Paramaribo,Cairo,9361
10827,Paramaribo,Calcutta,14961
10828,Paramaribo,Canton,16570
10829,Paramaribo,Cape Town,8873
10830,Paramaribo,Caracas,1398
10831,Paramaribo,Cayenne,342
10832,Paramaribo,Chihuahua,5910
10833,Paramaribo,Chongqing,15614
10834,Paramaribo,Copenhagen,8102
10835,Paramaribo,Crdoba,4245
10836,Paramaribo,Dakar,4245
10837,Paramaribo,Darwin,19012
10838,Paramaribo,Djibouti,10778
10839,Paramaribo,Dublin,6889
10840,Paramaribo,Durban,9954
10841,Paramaribo,Edinburgh,7206
10842,Paramaribo,Frankfurt,7680
10843,Paramaribo,Georgetown,349
10844,Paramaribo,Glasgow,7143
10845,Paramaribo,Guatemala City,3977
10846,Paramaribo,Guayaquil,2878
10847,Paramaribo,Hamburg,7880
10848,Paramaribo,Hammerfest,8995
10849,Paramaribo,Havana,3490
10850,Paramaribo,Helsinki,8914
10851,Paramaribo,Hobart,15329
10852,Paramaribo,Hong Kong,16687
10853,Paramaribo,Iquique,3308
10854,Paramaribo,Irkutsk,13256
10855,Paramaribo,Jakarta,18029
10856,Paramaribo,Johannesburg,9627
10857,Paramaribo,Kingston,2707
10858,Paramaribo,Kinshasa,7911
10859,Paramaribo,Kuala Lumpur,17271
10860,Paramaribo,La Paz,2859
10861,Paramaribo,Leeds,7184
10862,Paramaribo,Lima,3114
10863,Paramaribo,Lisbon,5900
10864,Paramaribo,Liverpool,7080
10865,Paramaribo,London,7161
10866,Paramaribo,Lyons,7259
10867,Paramaribo,Madrid,6404
10868,Paramaribo,Manchester,7128
10869,Paramaribo,Manila,17715
10870,Paramaribo,Marseilles,7216
10871,Paramaribo,Mazatln,5804
10872,Paramaribo,Mecca,10287
10873,Paramaribo,Melbourne,15907
10874,Paramaribo,Mexico City,4979
10875,Paramaribo,Milan,7573
10876,Paramaribo,Montevideo,4519
10877,Paramaribo,Moscow,9657
10878,Paramaribo,Munich,7825
10879,Paramaribo,Nagasaki,15693
10880,Paramaribo,Nagoya,15295
10881,Paramaribo,Nairobi,10262
10882,Paramaribo,Nanjing (Nanking),15766
10883,Paramaribo,Naples,7870
10884,Paramaribo,New Delhi,13655
10885,Paramaribo,Newcastle-on-Tyne,7241
10886,Paramaribo,Odessa,9242
10887,Paramaribo,Osaka,15395
10888,Paramaribo,Oslo,8134
10889,Paramaribo,Panama City,2701
10890,Paramaribo,Paramaribo,0
10891,Paramaribo,Paris,7198
10892,Paramaribo,Perth,16958
10893,Paramaribo,Plymouth,6855
10894,Paramaribo,Port Moresby,17515
10895,Paramaribo,Prague,8076
10896,Paramaribo,Rangoon,15978
10897,Paramaribo,Reykjavk,7006
10898,Paramaribo,Rio de Janeiro,3449
10899,Paramaribo,Rome,7743
10900,Paramaribo,Salvador,2785
10901,Paramaribo,Santiago,4656
10902,Paramaribo,St. Petersburg,9206
10903,Paramaribo,So Paulo,3389
10904,Paramaribo,Shanghai,15895
10905,Paramaribo,Singapore,17574
10906,Paramaribo,Sofia,8641
10907,Paramaribo,Stockholm,8514
10908,Paramaribo,Sydney,15871
10909,Paramaribo,Tananarive,11558
10910,Paramaribo,Teheran,11144
10911,Paramaribo,Tokyo,15150
10912,Paramaribo,Tripoli,7653
10913,Paramaribo,Venice,7813
10914,Paramaribo,Veracruz,4670
10915,Paramaribo,Vienna,8172
10916,Paramaribo,Vladivostok,14526
10917,Paramaribo,Warsaw,8567
10918,Paramaribo,Wellington,13690
10919,Paramaribo,Zrich,7581
10920,Paris,Aberdeen,975
10921,Paris,Adelaide,16143
10922,Paris,Algiers,1331
10923,Paris,Amsterdam,435
10924,Paris,Ankara,2602
10925,Paris,Asuncin,10154
10926,Paris,Athens,2094
10927,Paris,Auckland,18552
10928,Paris,Bangkok,9446
10929,Paris,Barcelona,824
10930,Paris,Beijing,8221
10931,Paris,Belm,7408
10932,Paris,Belfast,860
10933,Paris,Belgrade,1447
10934,Paris,Berlin,881
10935,Paris,Birmingham,501
10936,Paris,Bogot,8647
10937,Paris,Bombay,7010
10938,Paris,Bordeaux,491
10939,Paris,Bremen,657
10940,Paris,Brisbane,16570
10941,Paris,Bristol,458
10942,Paris,Brussels,272
10943,Paris,Bucharest,1872
10944,Paris,Budapest,1248
10945,Paris,Buenos Aires,11042
10946,Paris,Cairo,3216
10947,Paris,Calcutta,7861
10948,Paris,Canton,9502
10949,Paris,Cape Town,9334
10950,Paris,Caracas,7627
10951,Paris,Cayenne,7083
10952,Paris,Chihuahua,8869
10953,Paris,Chongqing,8509
10954,Paris,Copenhagen,1031
10955,Paris,Crdoba,11087
10956,Paris,Dakar,4204
10957,Paris,Darwin,13817
10958,Paris,Djibouti,5589
10959,Paris,Dublin,782
10960,Paris,Durban,9197
10961,Paris,Edinburgh,874
10962,Paris,Frankfurt,481
10963,Paris,Georgetown,7318
10964,Paris,Glasgow,900
10965,Paris,Guatemala City,8995
10966,Paris,Guayaquil,9624
10967,Paris,Hamburg,752
10968,Paris,Hammerfest,2671
10969,Paris,Havana,7720
10970,Paris,Helsinki,1916
10971,Paris,Hobart,17249
10972,Paris,Hong Kong,9630
10973,Paris,Iquique,10472
10974,Paris,Irkutsk,6571
10975,Paris,Jakarta,11589
10976,Paris,Johannesburg,8723
10977,Paris,Kingston,7727
10978,Paris,Kinshasa,6036
10979,Paris,Kuala Lumpur,10427
10980,Paris,La Paz,10034
10981,Paris,Leeds,611
10982,Paris,Lima,10246
10983,Paris,Lisbon,1446
10984,Paris,Liverpool,633
10985,Paris,London,349
10986,Paris,Lyons,388
10987,Paris,Madrid,1044
10988,Paris,Manchester,612
10989,Paris,Manila,10747
10990,Paris,Marseilles,650
10991,Paris,Mazatln,9357
10992,Paris,Mecca,4484
10993,Paris,Melbourne,16791
10994,Paris,Mexico City,9196
10995,Paris,Milan,636
10996,Paris,Montevideo,10953
10997,Paris,Moscow,2489
10998,Paris,Munich,685
10999,Paris,Nagasaki,9563
11000,Paris,Nagoya,9660
11001,Paris,Nairobi,6497
11002,Paris,Nanjing (Nanking),9050
11003,Paris,Naples,1288
11004,Paris,New Delhi,6590
11005,Paris,Newcastle-on-Tyne,737
11006,Paris,Odessa,2136
11007,Paris,Osaka,9654
11008,Paris,Oslo,1350
11009,Paris,Panama City,8664
11010,Paris,Paramaribo,7198
11011,Paris,Paris,0
11012,Paris,Perth,14278
11013,Paris,Plymouth,495
11014,Paris,Port Moresby,14549
11015,Paris,Prague,885
11016,Paris,Rangoon,8870
11017,Paris,Reykjavk,2233
11018,Paris,Rio de Janeiro,9167
11019,Paris,Rome,1099
11020,Paris,Salvador,7947
11021,Paris,Santiago,11650
11022,Paris,St. Petersburg,2168
11023,Paris,So Paulo,9387
11024,Paris,Shanghai,9273
11025,Paris,Singapore,10748
11026,Paris,Sofia,1759
11027,Paris,Stockholm,1545
11028,Paris,Sydney,16959
11029,Paris,Tananarive,8748
11030,Paris,Teheran,4232
11031,Paris,Tokyo,9722
11032,Paris,Tripoli,1980
11033,Paris,Venice,843
11034,Paris,Veracruz,9015
11035,Paris,Vienna,1031
11036,Paris,Vladivostok,8672
11037,Paris,Warsaw,1369
11038,Paris,Wellington,18991
11039,Paris,Zrich,486
11040,Perth,Aberdeen,14606
11041,Perth,Adelaide,2130
11042,Perth,Algiers,13958
11043,Perth,Amsterdam,14144
11044,Perth,Ankara,11681
11045,Perth,Asuncin,13617
11046,Perth,Athens,12290
11047,Perth,Auckland,5344
11048,Perth,Bangkok,5338
11049,Perth,Barcelona,14154
11050,Perth,Beijing,7991
11051,Perth,Belm,15949
11052,Perth,Belfast,14862
11053,Perth,Belgrade,12833
11054,Perth,Berlin,13575
11055,Perth,Birmingham,14604
11056,Perth,Bogot,16789
11057,Perth,Bombay,7289
11058,Perth,Bordeaux,14436
11059,Perth,Bremen,13891
11060,Perth,Brisbane,3615
11061,Perth,Bristol,14648
11062,Perth,Brussels,14161
11063,Perth,Bucharest,12406
11064,Perth,Budapest,13037
11065,Perth,Buenos Aires,12592
11066,Perth,Cairo,11255
11067,Perth,Calcutta,6729
11068,Perth,Canton,6129
11069,Perth,Cape Town,8702
11070,Perth,Caracas,17607
11071,Perth,Cayenne,16755
11072,Perth,Chihuahua,15994
11073,Perth,Chongqing,6932
11074,Perth,Copenhagen,13695
11075,Perth,Crdoba,12963
11076,Perth,Dakar,14923
11077,Perth,Darwin,2652
11078,Perth,Djibouti,9111
11079,Perth,Dublin,14892
11080,Perth,Durban,7878
11081,Perth,Edinburgh,14677
11082,Perth,Frankfurt,13846
11083,Perth,Georgetown,17147
11084,Perth,Glasgow,14745
11085,Perth,Guatemala City,16718
11086,Perth,Guayaquil,15871
11087,Perth,Hamburg,13819
11088,Perth,Hammerfest,13418
11089,Perth,Havana,17970
11090,Perth,Helsinki,13091
11091,Perth,Hobart,3008
11092,Perth,Hong Kong,6038
11093,Perth,Iquique,14185
11094,Perth,Irkutsk,9457
11095,Perth,Jakarta,3007
11096,Perth,Johannesburg,8312
11097,Perth,Kingston,18007
11098,Perth,Kinshasa,10746
11099,Perth,Kuala Lumpur,4178
11100,Perth,La Paz,14614
11101,Perth,Leeds,14577
11102,Perth,Lima,14938
11103,Perth,Lisbon,15045
11104,Perth,Liverpool,14677
11105,Perth,London,14476
11106,Perth,Lyons,14040
11107,Perth,Madrid,14615
11108,Perth,Manchester,14627
11109,Perth,Manila,5202
11110,Perth,Marseilles,13946
11111,Perth,Mazatln,15763
11112,Perth,Mecca,10035
11113,Perth,Melbourne,2721
11114,Perth,Mexico City,16264
11115,Perth,Milan,13703
11116,Perth,Montevideo,12537
11117,Perth,Moscow,12219
11118,Perth,Munich,13594
11119,Perth,Nagasaki,7350
11120,Perth,Nagoya,7775
11121,Perth,Nairobi,8882
11122,Perth,Nanjing (Nanking),7123
11123,Perth,Naples,13163
11124,Perth,New Delhi,7874
11125,Perth,Newcastle-on-Tyne,14583
11126,Perth,Odessa,12172
11127,Perth,Osaka,7672
11128,Perth,Oslo,13865
11129,Perth,Panama City,17006
11130,Perth,Paramaribo,16958
11131,Perth,Paris,14278
11132,Perth,Perth,0
11133,Perth,Plymouth,14752
11134,Perth,Port Moresby,4077
11135,Perth,Prague,13445
11136,Perth,Rangoon,5823
11137,Perth,Reykjavk,15419
11138,Perth,Rio de Janeiro,13517
11139,Perth,Rome,13342
11140,Perth,Salvador,14323
11141,Perth,Santiago,12708
11142,Perth,St. Petersburg,12804
11143,Perth,So Paulo,13569
11144,Perth,Shanghai,7042
11145,Perth,Singapore,3898
11146,Perth,Sofia,12533
11147,Perth,Stockholm,13446
11148,Perth,Sydney,3269
11149,Perth,Tananarive,6907
11150,Perth,Teheran,10062
11151,Perth,Tokyo,7920
11152,Perth,Tripoli,12938
11153,Perth,Venice,13464
11154,Perth,Veracruz,16519
11155,Perth,Vienna,13257
11156,Perth,Vladivostok,8512
11157,Perth,Warsaw,13070
11158,Perth,Wellington,5257
11159,Perth,Zrich,13799
11160,Plymouth,Aberdeen,759
11161,Plymouth,Adelaide,16561
11162,Plymouth,Algiers,1612
11163,Plymouth,Amsterdam,658
11164,Plymouth,Ankara,3087
11165,Plymouth,Asuncin,9922
11166,Plymouth,Athens,2589
11167,Plymouth,Auckland,18505
11168,Plymouth,Bangkok,9833
11169,Plymouth,Barcelona,1113
11170,Plymouth,Beijing,8420
11171,Plymouth,Belm,7137
11172,Plymouth,Belfast,483
11173,Plymouth,Belgrade,1934
11174,Plymouth,Berlin,1231
11175,Plymouth,Birmingham,268
11176,Plymouth,Bogot,8223
11177,Plymouth,Bombay,7471
11178,Plymouth,Bordeaux,675
11179,Plymouth,Bremen,934
11180,Plymouth,Brisbane,16819
11181,Plymouth,Bristol,157
11182,Plymouth,Brussels,597
11183,Plymouth,Bucharest,2349
11184,Plymouth,Budapest,1714
11185,Plymouth,Buenos Aires,10845
11186,Plymouth,Cairo,3709
11187,Plymouth,Calcutta,8263
11188,Plymouth,Canton,9794
11189,Plymouth,Cape Town,9633
11190,Plymouth,Caracas,7211
11191,Plymouth,Cayenne,6761
11192,Plymouth,Chihuahua,8379
11193,Plymouth,Chongqing,8805
11194,Plymouth,Copenhagen,1252
11195,Plymouth,Crdoba,10846
11196,Plymouth,Dakar,4154
11197,Plymouth,Darwin,14153
11198,Plymouth,Djibouti,6077
11199,Plymouth,Dublin,356
11200,Plymouth,Durban,9569
11201,Plymouth,Edinburgh,614
11202,Plymouth,Frankfurt,906
11203,Plymouth,Georgetown,6954
11204,Plymouth,Glasgow,602
11205,Plymouth,Guatemala City,8510
11206,Plymouth,Guayaquil,9199
11207,Plymouth,Hamburg,1025
11208,Plymouth,Hammerfest,2659
11209,Plymouth,Havana,7234
11210,Plymouth,Helsinki,2111
11211,Plymouth,Hobart,17693
11212,Plymouth,Hong Kong,9920
11213,Plymouth,Iquique,10152
11214,Plymouth,Irkutsk,6753
11215,Plymouth,Jakarta,12015
11216,Plymouth,Johannesburg,9088
11217,Plymouth,Kingston,7261
11218,Plymouth,Kinshasa,6360
11219,Plymouth,Kuala Lumpur,10844
11220,Plymouth,La Paz,9708
11221,Plymouth,Leeds,410
11222,Plymouth,Lima,9864
11223,Plymouth,Lisbon,1358
11224,Plymouth,Liverpool,341
11225,Plymouth,London,306
11226,Plymouth,Lyons,840
11227,Plymouth,Madrid,1110
11228,Plymouth,Manchester,365
11229,Plymouth,Manila,11030
11230,Plymouth,Marseilles,1062
11231,Plymouth,Mazatln,8864
11232,Plymouth,Mecca,4977
11233,Plymouth,Melbourne,17201
11234,Plymouth,Mexico City,8700
11235,Plymouth,Milan,1128
11236,Plymouth,Montevideo,10771
11237,Plymouth,Moscow,2801
11238,Plymouth,Munich,1162
11239,Plymouth,Nagasaki,9719
11240,Plymouth,Nagoya,9764
11241,Plymouth,Nairobi,6950
11242,Plymouth,Nanjing (Nanking),9272
11243,Plymouth,Naples,1771
11244,Plymouth,New Delhi,7008
11245,Plymouth,Newcastle-on-Tyne,532
11246,Plymouth,Odessa,2586
11247,Plymouth,Osaka,9770
11248,Plymouth,Oslo,1409
11249,Plymouth,Panama City,8211
11250,Plymouth,Paramaribo,6855
11251,Plymouth,Paris,495
11252,Plymouth,Perth,14752
11253,Plymouth,Plymouth,0
11254,Plymouth,Port Moresby,14745
11255,Plymouth,Prague,1313
11256,Plymouth,Rangoon,9264
11257,Plymouth,Reykjavk,1846
11258,Plymouth,Rio de Janeiro,9017
11259,Plymouth,Rome,1581
11260,Plymouth,Salvador,7796
11261,Plymouth,Santiago,11384
11262,Plymouth,St. Petersburg,2389
11263,Plymouth,So Paulo,9217
11264,Plymouth,Shanghai,9485
11265,Plymouth,Singapore,11162
11266,Plymouth,Sofia,2250
11267,Plymouth,Stockholm,1713
11268,Plymouth,Sydney,17292
11269,Plymouth,Tananarive,9205
11270,Plymouth,Teheran,4693
11271,Plymouth,Tokyo,9807
11272,Plymouth,Tripoli,2402
11273,Plymouth,Venice,1339
11274,Plymouth,Veracruz,8521
11275,Plymouth,Vienna,1494
11276,Plymouth,Vladivostok,8773
11277,Plymouth,Warsaw,1745
11278,Plymouth,Wellington,18995
11279,Plymouth,Zrich,980
11280,Port Moresby,Aberdeen,14087
11281,Port Moresby,Adelaide,2965
11282,Port Moresby,Algiers,15295
11283,Port Moresby,Amsterdam,14154
11284,Port Moresby,Ankara,12736
11285,Port Moresby,Asuncin,15316
11286,Port Moresby,Athens,13558
11287,Port Moresby,Auckland,4126
11288,Port Moresby,Bangkok,5754
11289,Port Moresby,Barcelona,15077
11290,Port Moresby,Beijing,6331
11291,Port Moresby,Belm,17904
11292,Port Moresby,Belfast,14454
11293,Port Moresby,Belgrade,13583
11294,Port Moresby,Berlin,13678
11295,Port Moresby,Birmingham,14479
11296,Port Moresby,Bogot,15418
11297,Port Moresby,Bombay,8733
11298,Port Moresby,Bordeaux,15004
11299,Port Moresby,Bremen,13897
11300,Port Moresby,Brisbane,2105
11301,Port Moresby,Bristol,14588
11302,Port Moresby,Brussels,14289
11303,Port Moresby,Bucharest,13179
11304,Port Moresby,Budapest,13577
11305,Port Moresby,Buenos Aires,14434
11306,Port Moresby,Cairo,13005
11307,Port Moresby,Calcutta,7315
11308,Port Moresby,Canton,5164
11309,Port Moresby,Cape Town,12778
11310,Port Moresby,Caracas,16272
11311,Port Moresby,Cayenne,17811
11312,Port Moresby,Chihuahua,12139
11313,Port Moresby,Chongqing,6148
11314,Port Moresby,Copenhagen,13533
11315,Port Moresby,Crdoba,14379
11316,Port Moresby,Dakar,18242
11317,Port Moresby,Darwin,1809
11318,Port Moresby,Djibouti,11735
11319,Port Moresby,Dublin,14582
11320,Port Moresby,Durban,11927
11321,Port Moresby,Edinburgh,14233
11322,Port Moresby,Frankfurt,14099
11323,Port Moresby,Georgetown,17205
11324,Port Moresby,Glasgow,14282
11325,Port Moresby,Guatemala City,13733
11326,Port Moresby,Guayaquil,14644
11327,Port Moresby,Hamburg,13801
11328,Port Moresby,Hammerfest,12183
11329,Port Moresby,Havana,14542
11330,Port Moresby,Helsinki,12649
11331,Port Moresby,Hobart,3719
11332,Port Moresby,Hong Kong,5035
11333,Port Moresby,Iquique,14777
11334,Port Moresby,Irkutsk,7993
11335,Port Moresby,Jakarta,4454
11336,Port Moresby,Johannesburg,12338
11337,Port Moresby,Kingston,15184
11338,Port Moresby,Kinshasa,14466
11339,Port Moresby,Kuala Lumpur,5223
11340,Port Moresby,La Paz,15164
11341,Port Moresby,Leeds,14349
11342,Port Moresby,Lima,14584
11343,Port Moresby,Lisbon,15989
11344,Port Moresby,Liverpool,14442
11345,Port Moresby,London,14465
11346,Port Moresby,Lyons,14615
11347,Port Moresby,Madrid,15525
11348,Port Moresby,Manchester,14403
11349,Port Moresby,Manila,3931
11350,Port Moresby,Marseilles,14738
11351,Port Moresby,Mazatln,12091
11352,Port Moresby,Mecca,12178
11353,Port Moresby,Melbourne,3161
11354,Port Moresby,Mexico City,12833
11355,Port Moresby,Milan,14354
11356,Port Moresby,Montevideo,14513
11357,Port Moresby,Moscow,12088
11358,Port Moresby,Munich,14042
11359,Port Moresby,Nagasaki,5035
11360,Port Moresby,Nagoya,5066
11361,Port Moresby,Nairobi,12195
11362,Port Moresby,Nanjing (Nanking),5501
11363,Port Moresby,Naples,14226
11364,Port Moresby,New Delhi,8601
11365,Port Moresby,Newcastle-on-Tyne,14252
11366,Port Moresby,Odessa,12769
11367,Port Moresby,Osaka,5038
11368,Port Moresby,Oslo,13340
11369,Port Moresby,Panama City,14896
11370,Port Moresby,Paramaribo,17515
11371,Port Moresby,Paris,14549
11372,Port Moresby,Perth,4077
11373,Port Moresby,Plymouth,14745
11374,Port Moresby,Port Moresby,0
11375,Port Moresby,Prague,13754
11376,Port Moresby,Rangoon,6334
11377,Port Moresby,Reykjavk,13877
11378,Port Moresby,Rio de Janeiro,16244
11379,Port Moresby,Rome,14313
11380,Port Moresby,Salvador,17454
11381,Port Moresby,Santiago,13789
11382,Port Moresby,St. Petersburg,12385
11383,Port Moresby,So Paulo,16063
11384,Port Moresby,Shanghai,5276
11385,Port Moresby,Singapore,4929
11386,Port Moresby,Sofia,13450
11387,Port Moresby,Stockholm,13041
11388,Port Moresby,Sydney,2761
11389,Port Moresby,Tananarive,10662
11390,Port Moresby,Teheran,11100
11391,Port Moresby,Tokyo,5072
11392,Port Moresby,Tripoli,14628
11393,Port Moresby,Venice,14142
11394,Port Moresby,Veracruz,13142
11395,Port Moresby,Vienna,13728
11396,Port Moresby,Vladivostok,6044
11397,Port Moresby,Warsaw,13238
11398,Port Moresby,Wellington,4461
11399,Port Moresby,Zrich,14282
11400,Prague,Aberdeen,1341
11401,Prague,Adelaide,15263
11402,Prague,Algiers,1734
11403,Prague,Amsterdam,711
11404,Prague,Ankara,1832
11405,Prague,Asuncin,10959
11406,Prague,Athens,1535
11407,Prague,Auckland,17863
11408,Prague,Bangkok,8561
11409,Prague,Barcelona,1354
11410,Prague,Beijing,7455
11411,Prague,Belm,8249
11412,Prague,Belfast,1465
11413,Prague,Belgrade,738
11414,Prague,Berlin,277
11415,Prague,Birmingham,1164
11416,Prague,Bogot,9527
11417,Prague,Bombay,6159
11418,Prague,Bordeaux,1263
11419,Prague,Bremen,511
11420,Prague,Brisbane,15723
11421,Prague,Bristol,1203
11422,Prague,Brussels,717
11423,Prague,Bucharest,1081
11424,Prague,Budapest,445
11425,Prague,Buenos Aires,11809
11426,Prague,Cairo,2640
11427,Prague,Calcutta,6976
11428,Prague,Canton,8655
11429,Prague,Cape Town,9348
11430,Prague,Caracas,8509
11431,Prague,Cayenne,7952
11432,Prague,Chihuahua,9488
11433,Prague,Chongqing,7660
11434,Prague,Copenhagen,633
11435,Prague,Crdoba,11896
11436,Prague,Dakar,4875
11437,Prague,Darwin,12940
11438,Prague,Djibouti,5023
11439,Prague,Dublin,1464
11440,Prague,Durban,9038
11441,Prague,Edinburgh,1339
11442,Prague,Frankfurt,410
11443,Prague,Georgetown,8200
11444,Prague,Glasgow,1399
11445,Prague,Guatemala City,9794
11446,Prague,Guayaquil,10503
11447,Prague,Hamburg,489
11448,Prague,Hammerfest,2334
11449,Prague,Havana,8520
11450,Prague,Helsinki,1303
11451,Prague,Hobart,16382
11452,Prague,Hong Kong,8783
11453,Prague,Iquique,11337
11454,Prague,Irkutsk,5834
11455,Prague,Jakarta,10710
11456,Prague,Johannesburg,8588
11457,Prague,Kingston,8571
11458,Prague,Kinshasa,6047
11459,Prague,Kuala Lumpur,9545
11460,Prague,La Paz,10902
11461,Prague,Leeds,1163
11462,Prague,Lima,11131
11463,Prague,Lisbon,2243
11464,Prague,Liverpool,1252
11465,Prague,London,1030
11466,Prague,Lyons,861
11467,Prague,Madrid,1771
11468,Prague,Manchester,1205
11469,Prague,Manila,9901
11470,Prague,Marseilles,1020
11471,Prague,Mazatln,10009
11472,Prague,Mecca,3875
11473,Prague,Melbourne,15909
11474,Prague,Mexico City,9922
11475,Prague,Milan,648
11476,Prague,Montevideo,11708
11477,Prague,Moscow,1666
11478,Prague,Munich,300
11479,Prague,Nagasaki,8834
11480,Prague,Nagoya,8989
11481,Prague,Nairobi,6114
11482,Prague,Nanjing (Nanking),8257
11483,Prague,Naples,1028
11484,Prague,New Delhi,5707
11485,Prague,Newcastle-on-Tyne,1210
11486,Prague,Odessa,1273
11487,Prague,Osaka,8970
11488,Prague,Oslo,1122
11489,Prague,Panama City,9524
11490,Prague,Paramaribo,8076
11491,Prague,Paris,885
11492,Prague,Perth,13445
11493,Prague,Plymouth,1313
11494,Prague,Port Moresby,13754
11495,Prague,Prague,0
11496,Prague,Rangoon,7984
11497,Prague,Reykjavk,2636
11498,Prague,Rio de Janeiro,9897
11499,Prague,Rome,922
11500,Prague,Salvador,8687
11501,Prague,Santiago,12477
11502,Prague,St. Petersburg,1483
11503,Prague,So Paulo,10137
11504,Prague,Shanghai,8489
11505,Prague,Singapore,9865
11506,Prague,Sofia,1069
11507,Prague,Stockholm,1048
11508,Prague,Sydney,16079
11509,Prague,Tananarive,8324
11510,Prague,Teheran,3383
11511,Prague,Tokyo,9075
11512,Prague,Tripoli,1907
11513,Prague,Venice,540
11514,Prague,Veracruz,9761
11515,Prague,Vienna,247
11516,Prague,Vladivostok,8012
11517,Prague,Warsaw,516
11518,Prague,Wellington,18210
11519,Prague,Zrich,529
11520,Rangoon,Aberdeen,8921
11521,Rangoon,Adelaide,7302
11522,Rangoon,Algiers,9154
11523,Rangoon,Amsterdam,8607
11524,Rangoon,Ankara,6537
11525,Rangoon,Asuncin,17132
11526,Rangoon,Athens,7331
11527,Rangoon,Auckland,10162
11528,Rangoon,Bangkok,591
11529,Rangoon,Barcelona,9091
11530,Rangoon,Beijing,3235
11531,Rangoon,Belm,15771
11532,Rangoon,Belfast,9231
11533,Rangoon,Belgrade,7561
11534,Rangoon,Berlin,8033
11535,Rangoon,Birmingham,9054
11536,Rangoon,Bogot,17408
11537,Rangoon,Bombay,2464
11538,Rangoon,Bordeaux,9195
11539,Rangoon,Bremen,8333
11540,Rangoon,Brisbane,7884
11541,Rangoon,Bristol,9128
11542,Rangoon,Brussels,8676
11543,Rangoon,Bucharest,7120
11544,Rangoon,Budapest,7662
11545,Rangoon,Buenos Aires,16793
11546,Rangoon,Cairo,6673
11547,Rangoon,Calcutta,1019
11548,Rangoon,Canton,1931
11549,Rangoon,Cape Town,9953
11550,Rangoon,Caracas,16452
11551,Rangoon,Cayenne,15780
11552,Rangoon,Chihuahua,14431
11553,Rangoon,Chongqing,1795
11554,Rangoon,Copenhagen,8060
11555,Rangoon,Crdoba,17435
11556,Rangoon,Dakar,11918
11557,Rangoon,Darwin,5027
11558,Rangoon,Djibouti,5723
11559,Rangoon,Dublin,9298
11560,Rangoon,Durban,8692
11561,Rangoon,Edinburgh,9019
11562,Rangoon,Frankfurt,8391
11563,Rangoon,Georgetown,16156
11564,Rangoon,Glasgow,9087
11565,Rangoon,Guatemala City,16445
11566,Rangoon,Guayaquil,18324
11567,Rangoon,Hamburg,8246
11568,Rangoon,Hammerfest,7597
11569,Rangoon,Havana,15567
11570,Rangoon,Helsinki,7342
11571,Rangoon,Hobart,8453
11572,Rangoon,Hong Kong,1998
11573,Rangoon,Iquique,18505
11574,Rangoon,Irkutsk,4032
11575,Rangoon,Jakarta,2829
11576,Rangoon,Johannesburg,8758
11577,Rangoon,Kingston,16064
11578,Rangoon,Kinshasa,9162
11579,Rangoon,Kuala Lumpur,1645
11580,Rangoon,La Paz,18349
11581,Rangoon,Leeds,8985
11582,Rangoon,Lima,19092
11583,Rangoon,Lisbon,10096
11584,Rangoon,Liverpool,9091
11585,Rangoon,London,8960
11586,Rangoon,Lyons,8764
11587,Rangoon,Madrid,9592
11588,Rangoon,Manchester,9041
11589,Rangoon,Manila,2680
11590,Rangoon,Marseilles,8785
11591,Rangoon,Mazatln,14940
11592,Rangoon,Mecca,5900
11593,Rangoon,Melbourne,7937
11594,Rangoon,Mexico City,15657
11595,Rangoon,Milan,8440
11596,Rangoon,Montevideo,16602
11597,Rangoon,Moscow,6511
11598,Rangoon,Munich,8214
11599,Rangoon,Nagasaki,3834
11600,Rangoon,Nagoya,4526
11601,Rangoon,Nairobi,6785
11602,Rangoon,Nanjing (Nanking),2857
11603,Rangoon,Naples,8111
11604,Rangoon,New Delhi,2323
11605,Rangoon,Newcastle-on-Tyne,8956
11606,Rangoon,Odessa,6770
11607,Rangoon,Osaka,4382
11608,Rangoon,Oslo,8133
11609,Rangoon,Panama City,17104
11610,Rangoon,Paramaribo,15978
11611,Rangoon,Paris,8870
11612,Rangoon,Perth,5823
11613,Rangoon,Plymouth,9264
11614,Rangoon,Port Moresby,6334
11615,Rangoon,Prague,7984
11616,Rangoon,Rangoon,0
11617,Rangoon,Reykjavk,9598
11618,Rangoon,Rio de Janeiro,15708
11619,Rangoon,Rome,8243
11620,Rangoon,Salvador,15111
11621,Rangoon,Santiago,17739
11622,Rangoon,St. Petersburg,7048
11623,Rangoon,So Paulo,16044
11624,Rangoon,Shanghai,3026
11625,Rangoon,Singapore,1939
11626,Rangoon,Sofia,7344
11627,Rangoon,Stockholm,7722
11628,Rangoon,Sydney,8111
11629,Rangoon,Tananarive,6617
11630,Rangoon,Teheran,4834
11631,Rangoon,Tokyo,4788
11632,Rangoon,Tripoli,8343
11633,Rangoon,Venice,8196
11634,Rangoon,Veracruz,15796
11635,Rangoon,Vienna,7862
11636,Rangoon,Vladivostok,4478
11637,Rangoon,Warsaw,7519
11638,Rangoon,Wellington,10333
11639,Rangoon,Zrich,8453
11640,Reykjavk,Aberdeen,1318
11641,Reykjavk,Adelaide,16515
11642,Reykjavk,Algiers,3456
11643,Reykjavk,Amsterdam,2014
11644,Reykjavk,Ankara,4408
11645,Reykjavk,Asuncin,10405
11646,Reykjavk,Athens,4161
11647,Reykjavk,Auckland,16790
11648,Reykjavk,Bangkok,10098
11649,Reykjavk,Barcelona,2959
11650,Reykjavk,Beijing,7889
11651,Reykjavk,Belm,7605
11652,Reykjavk,Belfast,1381
11653,Reykjavk,Belgrade,3374
11654,Reykjavk,Berlin,2388
11655,Reykjavk,Birmingham,1732
11656,Reykjavk,Bogot,7812
11657,Reykjavk,Bombay,8342
11658,Reykjavk,Bordeaux,2521
11659,Reykjavk,Bremen,2129
11660,Reykjavk,Brisbane,15932
11661,Reykjavk,Bristol,1797
11662,Reykjavk,Brussels,2124
11663,Reykjavk,Bucharest,3676
11664,Reykjavk,Budapest,3073
11665,Reykjavk,Buenos Aires,11424
11666,Reykjavk,Cairo,5275
11667,Reykjavk,Calcutta,8694
11668,Reykjavk,Canton,9576
11669,Reykjavk,Cape Town,11454
11670,Reykjavk,Caracas,6911
11671,Reykjavk,Cayenne,7022
11672,Reykjavk,Chihuahua,6889
11673,Reykjavk,Chongqing,8659
11674,Reykjavk,Copenhagen,2106
11675,Reykjavk,Crdoba,11245
11676,Reykjavk,Dakar,5503
11677,Reykjavk,Darwin,13902
11678,Reykjavk,Djibouti,7659
11679,Reykjavk,Dublin,1490
11680,Reykjavk,Durban,11414
11681,Reykjavk,Edinburgh,1374
11682,Reykjavk,Frankfurt,2374
11683,Reykjavk,Georgetown,6992
11684,Reykjavk,Glasgow,1337
11685,Reykjavk,Guatemala City,7512
11686,Reykjavk,Guayaquil,8739
11687,Reykjavk,Hamburg,2147
11688,Reykjavk,Hammerfest,2025
11689,Reykjavk,Havana,6283
11690,Reykjavk,Helsinki,2422
11691,Reykjavk,Hobart,17561
11692,Reykjavk,Hong Kong,9688
11693,Reykjavk,Iquique,10237
11694,Reykjavk,Irkutsk,6252
11695,Reykjavk,Jakarta,12424
11696,Reykjavk,Johannesburg,10934
11697,Reykjavk,Kingston,6544
11698,Reykjavk,Kinshasa,8201
11699,Reykjavk,Kuala Lumpur,11244
11700,Reykjavk,La Paz,9787
11701,Reykjavk,Leeds,1628
11702,Reykjavk,Lima,9637
11703,Reykjavk,Lisbon,2940
11704,Reykjavk,Liverpool,1600
11705,Reykjavk,London,1884
11706,Reykjavk,Lyons,2621
11707,Reykjavk,Madrid,2882
11708,Reykjavk,Manchester,1621
11709,Reykjavk,Manila,10717
11710,Reykjavk,Marseilles,2876
11711,Reykjavk,Mazatln,7433
11712,Reykjavk,Mecca,6507
11713,Reykjavk,Melbourne,16966
11714,Reykjavk,Mexico City,7448
11715,Reykjavk,Milan,2822
11716,Reykjavk,Montevideo,11405
11717,Reykjavk,Moscow,3310
11718,Reykjavk,Munich,2677
11719,Reykjavk,Nagasaki,8965
11720,Reykjavk,Nagoya,8831
11721,Reykjavk,Nairobi,8700
11722,Reykjavk,Nanjing (Nanking),8791
11723,Reykjavk,Naples,3474
11724,Reykjavk,New Delhi,7599
11725,Reykjavk,Newcastle-on-Tyne,1518
11726,Reykjavk,Odessa,3722
11727,Reykjavk,Osaka,8873
11728,Reykjavk,Oslo,1743
11729,Reykjavk,Panama City,7580
11730,Reykjavk,Paramaribo,7006
11731,Reykjavk,Paris,2233
11732,Reykjavk,Perth,15419
11733,Reykjavk,Plymouth,1846
11734,Reykjavk,Port Moresby,13877
11735,Reykjavk,Prague,2636
11736,Reykjavk,Rangoon,9598
11737,Reykjavk,Reykjavk,0
11738,Reykjavk,Rio de Janeiro,9850
11739,Reykjavk,Rome,3296
11740,Reykjavk,Salvador,8676
11741,Reykjavk,Santiago,11653
11742,Reykjavk,St. Petersburg,2686
11743,Reykjavk,So Paulo,9969
11744,Reykjavk,Shanghai,8952
11745,Reykjavk,Singapore,11531
11746,Reykjavk,Sofia,3704
11747,Reykjavk,Stockholm,2138
11748,Reykjavk,Sydney,16637
11749,Reykjavk,Tananarive,10937
11750,Reykjavk,Teheran,5706
11751,Reykjavk,Tokyo,8809
11752,Reykjavk,Tripoli,4213
11753,Reykjavk,Venice,2956
11754,Reykjavk,Veracruz,7331
11755,Reykjavk,Vienna,2882
11756,Reykjavk,Vladivostok,7874
11757,Reykjavk,Warsaw,2770
11758,Reykjavk,Wellington,17261
11759,Reykjavk,Zrich,2617
11760,Rio de Janeiro,Aberdeen,9694
11761,Rio de Janeiro,Adelaide,13577
11762,Rio de Janeiro,Algiers,8223
11763,Rio de Janeiro,Amsterdam,9581
11764,Rio de Janeiro,Ankara,10522
11765,Rio de Janeiro,Asuncin,1489
11766,Rio de Janeiro,Athens,9722
11767,Rio de Janeiro,Auckland,12265
11768,Rio de Janeiro,Bangkok,16061
11769,Rio de Janeiro,Barcelona,8543
11770,Rio de Janeiro,Beijing,17326
11771,Rio de Janeiro,Belm,2455
11772,Rio de Janeiro,Belfast,9328
11773,Rio de Janeiro,Belgrade,9919
11774,Rio de Janeiro,Berlin,10013
11775,Rio de Janeiro,Birmingham,9285
11776,Rio de Janeiro,Bogot,4550
11777,Rio de Janeiro,Bombay,13407
11778,Rio de Janeiro,Bordeaux,8691
11779,Rio de Janeiro,Bremen,9824
11780,Rio de Janeiro,Brisbane,14139
11781,Rio de Janeiro,Bristol,9174
11782,Rio de Janeiro,Brussels,9435
11783,Rio de Janeiro,Bucharest,10266
11784,Rio de Janeiro,Budapest,9995
11785,Rio de Janeiro,Buenos Aires,1959
11786,Rio de Janeiro,Cairo,9897
11787,Rio de Janeiro,Calcutta,15075
11788,Rio de Janeiro,Canton,17607
11789,Rio de Janeiro,Cape Town,6054
11790,Rio de Janeiro,Caracas,4532
11791,Rio de Janeiro,Cayenne,3241
11792,Rio de Janeiro,Chihuahua,8843
11793,Rio de Janeiro,Chongqing,16918
11794,Rio de Janeiro,Copenhagen,10197
11795,Rio de Janeiro,Crdoba,2274
11796,Rio de Janeiro,Dakar,5033
11797,Rio de Janeiro,Darwin,16023
11798,Rio de Janeiro,Djibouti,10126
11799,Rio de Janeiro,Dublin,9198
11800,Rio de Janeiro,Durban,7293
11801,Rio de Janeiro,Edinburgh,9547
11802,Rio de Janeiro,Frankfurt,9591
11803,Rio de Janeiro,Georgetown,3685
11804,Rio de Janeiro,Glasgow,9500
11805,Rio de Janeiro,Guatemala City,6629
11806,Rio de Janeiro,Guayaquil,4583
11807,Rio de Janeiro,Hamburg,9919
11808,Rio de Janeiro,Hammerfest,11602
11809,Rio de Janeiro,Havana,6648
11810,Rio de Janeiro,Helsinki,11083
11811,Rio de Janeiro,Hobart,12617
11812,Rio de Janeiro,Hong Kong,17695
11813,Rio de Janeiro,Iquique,2796
11814,Rio de Janeiro,Irkutsk,15731
11815,Rio de Janeiro,Jakarta,15411
11816,Rio de Janeiro,Johannesburg,7122
11817,Rio de Janeiro,Kingston,5835
11818,Rio de Janeiro,Kinshasa,6603
11819,Rio de Janeiro,Kuala Lumpur,15642
11820,Rio de Janeiro,La Paz,2727
11821,Rio de Janeiro,Leeds,9419
11822,Rio de Janeiro,Lima,3778
11823,Rio de Janeiro,Lisbon,7721
11824,Rio de Janeiro,Liverpool,9330
11825,Rio de Janeiro,London,9287
11826,Rio de Janeiro,Lyons,9045
11827,Rio de Janeiro,Madrid,8146
11828,Rio de Janeiro,Manchester,9367
11829,Rio de Janeiro,Manila,18106
11830,Rio de Janeiro,Marseilles,8880
11831,Rio de Janeiro,Mazatln,8543
11832,Rio de Janeiro,Mecca,10247
11833,Rio de Janeiro,Melbourne,13208
11834,Rio de Janeiro,Mexico City,7682
11835,Rio de Janeiro,Milan,9263
11836,Rio de Janeiro,Montevideo,1827
11837,Rio de Janeiro,Moscow,11548
11838,Rio de Janeiro,Munich,9599
11839,Rio de Janeiro,Nagasaki,18730
11840,Rio de Janeiro,Nagoya,18662
11841,Rio de Janeiro,Nairobi,8934
11842,Rio de Janeiro,Nanjing (Nanking),17983
11843,Rio de Janeiro,Naples,9241
11844,Rio de Janeiro,New Delhi,14073
11845,Rio de Janeiro,Newcastle-on-Tyne,9522
11846,Rio de Janeiro,Odessa,10695
11847,Rio de Janeiro,Osaka,18720
11848,Rio de Janeiro,Oslo,10427
11849,Rio de Janeiro,Panama City,5312
11850,Rio de Janeiro,Paramaribo,3449
11851,Rio de Janeiro,Paris,9167
11852,Rio de Janeiro,Perth,13517
11853,Rio de Janeiro,Plymouth,9017
11854,Rio de Janeiro,Port Moresby,16244
11855,Rio de Janeiro,Prague,9897
11856,Rio de Janeiro,Rangoon,15708
11857,Rio de Janeiro,Reykjavk,9850
11858,Rio de Janeiro,Rio de Janeiro,0
11859,Rio de Janeiro,Rome,9200
11860,Rio de Janeiro,Salvador,1221
11861,Rio de Janeiro,Santiago,2930
11862,Rio de Janeiro,St. Petersburg,11332
11863,Rio de Janeiro,So Paulo,344
11864,Rio de Janeiro,Shanghai,18245
11865,Rio de Janeiro,Singapore,15722
11866,Rio de Janeiro,Sofia,9973
11867,Rio de Janeiro,Stockholm,10703
11868,Rio de Janeiro,Sydney,13506
11869,Rio de Janeiro,Tananarive,9276
11870,Rio de Janeiro,Teheran,11897
11871,Rio de Janeiro,Tokyo,18572
11872,Rio de Janeiro,Tripoli,8623
11873,Rio de Janeiro,Venice,9446
11874,Rio de Janeiro,Veracruz,7414
11875,Rio de Janeiro,Vienna,9879
11876,Rio de Janeiro,Vladivostok,17724
11877,Rio de Janeiro,Warsaw,10407
11878,Rio de Janeiro,Wellington,11869
11879,Rio de Janeiro,Zrich,9371
11880,Rome,Aberdeen,1987
11881,Rome,Adelaide,15336
11882,Rome,Algiers,987
11883,Rome,Amsterdam,1295
11884,Rome,Ankara,1729
11885,Rome,Asuncin,10363
11886,Rome,Athens,1054
11887,Rome,Auckland,18397
11888,Rome,Bangkok,8832
11889,Rome,Barcelona,857
11890,Rome,Beijing,8128
11891,Rome,Belm,7767
11892,Rome,Belfast,1951
11893,Rome,Belgrade,731
11894,Rome,Berlin,1180
11895,Rome,Birmingham,1590
11896,Rome,Bogot,9398
11897,Rome,Bombay,6177
11898,Rome,Bordeaux,1096
11899,Rome,Bremen,1272
11900,Rome,Brisbane,16122
11901,Rome,Bristol,1558
11902,Rome,Brussels,1172
11903,Rome,Bucharest,1141
11904,Rome,Budapest,813
11905,Rome,Buenos Aires,11145
11906,Rome,Cairo,2144
11907,Rome,Calcutta,7223
11908,Rome,Canton,9151
11909,Rome,Cape Town,8452
11910,Rome,Caracas,8365
11911,Rome,Cayenne,7576
11912,Rome,Chihuahua,9958
11913,Rome,Chongqing,8165
11914,Rome,Copenhagen,1530
11915,Rome,Crdoba,11301
11916,Rome,Dakar,4171
11917,Rome,Darwin,13268
11918,Rome,Djibouti,4498
11919,Rome,Dublin,1881
11920,Rome,Durban,8202
11921,Rome,Edinburgh,1922
11922,Rome,Frankfurt,958
11923,Rome,Georgetown,7913
11924,Rome,Glasgow,1962
11925,Rome,Guatemala City,9963
11926,Rome,Guayaquil,10365
11927,Rome,Hamburg,1307
11928,Rome,Hammerfest,3256
11929,Rome,Havana,8694
11930,Rome,Helsinki,2203
11931,Rome,Hobart,16351
11932,Rome,Hong Kong,9281
11933,Rome,Iquique,10901
11934,Rome,Irkutsk,6561
11935,Rome,Jakarta,10831
11936,Rome,Johannesburg,7740
11937,Rome,Kingston,8625
11938,Rome,Kinshasa,5145
11939,Rome,Kuala Lumpur,9712
11940,Rome,La Paz,10487
11941,Rome,Leeds,1673
11942,Rome,Lima,10852
11943,Rome,Lisbon,1859
11944,Rome,Liverpool,1718
11945,Rome,London,1431
11946,Rome,Lyons,745
11947,Rome,Madrid,1359
11948,Rome,Manchester,1688
11949,Rome,Manila,10392
11950,Rome,Marseilles,603
11951,Rome,Mazatln,10435
11952,Rome,Mecca,3411
11953,Rome,Melbourne,15987
11954,Rome,Mexico City,10235
11955,Rome,Milan,474
11956,Rome,Montevideo,11026
11957,Rome,Moscow,2376
11958,Rome,Munich,696
11959,Rome,Nagasaki,9542
11960,Rome,Nagoya,9756
11961,Rome,Nairobi,5408
11962,Rome,Nanjing (Nanking),8880
11963,Rome,Naples,191
11964,Rome,New Delhi,5921
11965,Rome,Newcastle-on-Tyne,1778
11966,Rome,Odessa,1544
11967,Rome,Osaka,9725
11968,Rome,Oslo,2010
11969,Rome,Panama City,9505
11970,Rome,Paramaribo,7743
11971,Rome,Paris,1099
11972,Rome,Perth,13342
11973,Rome,Plymouth,1581
11974,Rome,Port Moresby,14313
11975,Rome,Prague,922
11976,Rome,Rangoon,8243
11977,Rome,Reykjavk,3296
11978,Rome,Rio de Janeiro,9200
11979,Rome,Rome,0
11980,Rome,Salvador,8012
11981,Rome,Santiago,11913
11982,Rome,St. Petersburg,2346
11983,Rome,So Paulo,9462
11984,Rome,Shanghai,9124
11985,Rome,Singapore,10037
11986,Rome,Sofia,898
11987,Rome,Stockholm,1971
11988,Rome,Sydney,16314
11989,Rome,Tananarive,7656
11990,Rome,Teheran,3441
11991,Rome,Tokyo,9861
11992,Rome,Tripoli,997
11993,Rome,Venice,393
11994,Rome,Veracruz,10040
11995,Rome,Vienna,767
11996,Rome,Vladivostok,8795
11997,Rome,Warsaw,1316
11998,Rome,Wellington,18546
11999,Rome,Zrich,681
12000,Salvador,Aberdeen,8476
12001,Salvador,Adelaide,14685
12002,Salvador,Algiers,7030
12003,Salvador,Amsterdam,8360
12004,Salvador,Ankara,9399
12005,Salvador,Asuncin,2434
12006,Salvador,Athens,8587
12007,Salvador,Auckland,13477
12008,Salvador,Bangkok,15578
12009,Salvador,Barcelona,7335
12010,Salvador,Beijing,16136
12011,Salvador,Belm,1687
12012,Salvador,Belfast,8110
12013,Salvador,Belgrade,8737
12014,Salvador,Berlin,8797
12015,Salvador,Birmingham,8064
12016,Salvador,Bogot,4405
12017,Salvador,Bombay,12677
12018,Salvador,Bordeaux,7473
12019,Salvador,Bremen,8605
12020,Salvador,Brisbane,15350
12021,Salvador,Bristol,7952
12022,Salvador,Brussels,8215
12023,Salvador,Bucharest,9097
12024,Salvador,Budapest,8799
12025,Salvador,Buenos Aires,3133
12026,Salvador,Cairo,8858
12027,Salvador,Calcutta,14314
12028,Salvador,Canton,16823
12029,Salvador,Cape Town,6162
12030,Salvador,Caracas,4089
12031,Salvador,Cayenne,2497
12032,Salvador,Chihuahua,8604
12033,Salvador,Chongqing,15961
12034,Salvador,Copenhagen,8977
12035,Salvador,Crdoba,3338
12036,Salvador,Dakar,3841
12037,Salvador,Darwin,16954
12038,Salvador,Djibouti,9391
12039,Salvador,Dublin,7979
12040,Salvador,Durban,7317
12041,Salvador,Edinburgh,8328
12042,Salvador,Frankfurt,8375
12043,Salvador,Georgetown,3094
12044,Salvador,Glasgow,8282
12045,Salvador,Guatemala City,6499
12046,Salvador,Guayaquil,4718
12047,Salvador,Hamburg,8700
12048,Salvador,Hammerfest,10388
12049,Salvador,Havana,6239
12050,Salvador,Helsinki,9863
12051,Salvador,Hobart,13782
12052,Salvador,Hong Kong,16938
12053,Salvador,Iquique,3463
12054,Salvador,Irkutsk,14516
12055,Salvador,Jakarta,15622
12056,Salvador,Johannesburg,7053
12057,Salvador,Kingston,5434
12058,Salvador,Kinshasa,5973
12059,Salvador,Kuala Lumpur,15501
12060,Salvador,La Paz,3238
12061,Salvador,Leeds,8199
12062,Salvador,Lima,4186
12063,Salvador,Lisbon,6501
12064,Salvador,Liverpool,8109
12065,Salvador,London,8065
12066,Salvador,Lyons,7832
12067,Salvador,Madrid,6930
12068,Salvador,Manchester,8146
12069,Salvador,Manila,17783
12070,Salvador,Marseilles,7673
12071,Salvador,Mazatln,8411
12072,Salvador,Mecca,9347
12073,Salvador,Melbourne,14364
12074,Salvador,Mexico City,7553
12075,Salvador,Milan,8057
12076,Salvador,Montevideo,3022
12077,Salvador,Moscow,10343
12078,Salvador,Munich,8390
12079,Salvador,Nagasaki,17511
12080,Salvador,Nagoya,17505
12081,Salvador,Nairobi,8386
12082,Salvador,Nanjing (Nanking),16875
12083,Salvador,Naples,8062
12084,Salvador,New Delhi,13179
12085,Salvador,Newcastle-on-Tyne,8301
12086,Salvador,Odessa,9524
12087,Salvador,Osaka,17537
12088,Salvador,Oslo,9205
12089,Salvador,Panama City,5149
12090,Salvador,Paramaribo,2785
12091,Salvador,Paris,7947
12092,Salvador,Perth,14323
12093,Salvador,Plymouth,7796
12094,Salvador,Port Moresby,17454
12095,Salvador,Prague,8687
12096,Salvador,Rangoon,15111
12097,Salvador,Reykjavk,8676
12098,Salvador,Rio de Janeiro,1221
12099,Salvador,Rome,8012
12100,Salvador,Salvador,0
12101,Salvador,Santiago,3985
12102,Salvador,St. Petersburg,10114
12103,Salvador,So Paulo,1451
12104,Salvador,Shanghai,17128
12105,Salvador,Singapore,15671
12106,Salvador,Sofia,8808
12107,Salvador,Stockholm,9482
12108,Salvador,Sydney,14701
12109,Salvador,Tananarive,9134
12110,Salvador,Teheran,10860
12111,Salvador,Tokyo,17480
12112,Salvador,Tripoli,7484
12113,Salvador,Venice,8246
12114,Salvador,Veracruz,7258
12115,Salvador,Vienna,8676
12116,Salvador,Vladivostok,16530
12117,Salvador,Warsaw,9199
12118,Salvador,Wellington,13088
12119,Salvador,Zrich,8159
12120,Santiago,Aberdeen,11936
12121,Santiago,Adelaide,11819
12122,Santiago,Algiers,10926
12123,Santiago,Amsterdam,12017
12124,Santiago,Ankara,13380
12125,Santiago,Asuncin,1560
12126,Santiago,Athens,12563
12127,Santiago,Auckland,9662
12128,Santiago,Bangkok,17651
12129,Santiago,Barcelona,11163
12130,Santiago,Beijing,19055
12131,Santiago,Belm,4247
12132,Santiago,Belfast,11578
12133,Santiago,Belgrade,12645
12134,Santiago,Berlin,12531
12135,Santiago,Birmingham,11639
12136,Santiago,Bogot,4241
12137,Santiago,Bombay,16066
12138,Santiago,Bordeaux,11217
12139,Santiago,Bremen,12286
12140,Santiago,Brisbane,11808
12141,Santiago,Bristol,11539
12142,Santiago,Brussels,11898
12143,Santiago,Bucharest,13032
12144,Santiago,Budapest,12663
12145,Santiago,Buenos Aires,1147
12146,Santiago,Cairo,12821
12147,Santiago,Calcutta,17643
12148,Santiago,Canton,18799
12149,Santiago,Cape Town,7943
12150,Santiago,Caracas,4900
12151,Santiago,Cayenne,4678
12152,Santiago,Chihuahua,7842
12153,Santiago,Chongqing,19531
12154,Santiago,Copenhagen,12633
12155,Santiago,Crdoba,656
12156,Santiago,Dakar,7777
12157,Santiago,Darwin,14418
12158,Santiago,Djibouti,12908
12159,Santiago,Dublin,11472
12160,Santiago,Durban,9184
12161,Santiago,Edinburgh,11805
12162,Santiago,Frankfurt,12116
12163,Santiago,Georgetown,4662
12164,Santiago,Glasgow,11745
12165,Santiago,Guatemala City,5743
12166,Santiago,Guayaquil,3609
12167,Santiago,Hamburg,12382
12168,Santiago,Hammerfest,13652
12169,Santiago,Havana,6413
12170,Santiago,Helsinki,13491
12171,Santiago,Hobart,10685
12172,Santiago,Hong Kong,18686
12173,Santiago,Iquique,1480
12174,Santiago,Irkutsk,17862
12175,Santiago,Jakarta,15589
12176,Santiago,Johannesburg,9185
12177,Santiago,Kingston,5757
12178,Santiago,Kinshasa,9376
12179,Santiago,Kuala Lumpur,16552
12180,Santiago,La Paz,1907
12181,Santiago,Leeds,11749
12182,Santiago,Lima,2470
12183,Santiago,Lisbon,10233
12184,Santiago,Liverpool,11647
12185,Santiago,London,11683
12186,Santiago,Lyons,11617
12187,Santiago,Madrid,10710
12188,Santiago,Manchester,11692
12189,Santiago,Manila,17606
12190,Santiago,Marseilles,11502
12191,Santiago,Mazatln,7346
12192,Santiago,Mecca,13152
12193,Santiago,Melbourne,11273
12194,Santiago,Mexico City,6607
12195,Santiago,Milan,11885
12196,Santiago,Montevideo,1349
12197,Santiago,Moscow,14136
12198,Santiago,Munich,12193
12199,Santiago,Nagasaki,18089
12200,Santiago,Nagoya,17473
12201,Santiago,Nairobi,11548
12202,Santiago,Nanjing (Nanking),19100
12203,Santiago,Naples,11985
12204,Santiago,New Delhi,16925
12205,Santiago,Newcastle-on-Tyne,11821
12206,Santiago,Odessa,13452
12207,Santiago,Osaka,17599
12208,Santiago,Oslo,12735
12209,Santiago,Panama City,4808
12210,Santiago,Paramaribo,4656
12211,Santiago,Paris,11650
12212,Santiago,Perth,12708
12213,Santiago,Plymouth,11384
12214,Santiago,Port Moresby,13789
12215,Santiago,Prague,12477
12216,Santiago,Rangoon,17739
12217,Santiago,Reykjavk,11653
12218,Santiago,Rio de Janeiro,2930
12219,Santiago,Rome,11913
12220,Santiago,Salvador,3985
12221,Santiago,Santiago,0
12222,Santiago,St. Petersburg,13774
12223,Santiago,So Paulo,2605
12224,Santiago,Shanghai,18839
12225,Santiago,Singapore,16388
12226,Santiago,Sofia,12750
12227,Santiago,Stockholm,13089
12228,Santiago,Sydney,11339
12229,Santiago,Tananarive,11266
12230,Santiago,Teheran,14823
12231,Santiago,Tokyo,17222
12232,Santiago,Tripoli,11460
12233,Santiago,Venice,12098
12234,Santiago,Veracruz,6443
12235,Santiago,Vienna,12511
12236,Santiago,Vladivostok,17766
12237,Santiago,Warsaw,12992
12238,Santiago,Wellington,9342
12239,Santiago,Zrich,11950
12240,St. Petersburg,Aberdeen,1888
12241,St. Petersburg,Adelaide,14303
12242,St. Petersburg,Algiers,3217
12243,St. Petersburg,Amsterdam,1769
12244,St. Petersburg,Ankara,2233
12245,St. Petersburg,Asuncin,12306
12246,St. Petersburg,Athens,2486
12247,St. Petersburg,Auckland,16424
12248,St. Petersburg,Bangkok,7589
12249,St. Petersburg,Barcelona,2820
12250,St. Petersburg,Beijing,6055
12251,St. Petersburg,Belm,9527
12252,St. Petersburg,Belfast,2225
12253,St. Petersburg,Belgrade,1797
12254,St. Petersburg,Berlin,1325
12255,St. Petersburg,Birmingham,2135
12256,St. Petersburg,Bogot,10371
12257,St. Petersburg,Bombay,5657
12258,St. Petersburg,Bordeaux,2640
12259,St. Petersburg,Bremen,1512
12260,St. Petersburg,Brisbane,14435
12261,St. Petersburg,Bristol,2235
12262,St. Petersburg,Brussels,1904
12263,St. Petersburg,Bucharest,1747
12264,St. Petersburg,Budapest,1562
12265,St. Petersburg,Buenos Aires,13209
12266,St. Petersburg,Cairo,3325
12267,St. Petersburg,Calcutta,6092
12268,St. Petersburg,Canton,7411
12269,St. Petersburg,Cape Town,10493
12270,St. Petersburg,Caracas,9405
12271,St. Petersburg,Cayenne,9132
12272,St. Petersburg,Chihuahua,9394
12273,St. Petersburg,Chongqing,6426
12274,St. Petersburg,Copenhagen,1148
12275,St. Petersburg,Crdoba,13233
12276,St. Petersburg,Dakar,6336
12277,St. Petersburg,Darwin,11791
12278,St. Petersburg,Djibouti,5487
12279,St. Petersburg,Dublin,2318
12280,St. Petersburg,Durban,9987
12281,St. Petersburg,Edinburgh,2002
12282,St. Petersburg,Frankfurt,1744
12283,St. Petersburg,Georgetown,9277
12284,St. Petersburg,Glasgow,2067
12285,St. Petersburg,Guatemala City,10198
12286,St. Petersburg,Guayaquil,11328
12287,St. Petersburg,Hamburg,1416
12288,St. Petersburg,Hammerfest,1227
12289,St. Petersburg,Havana,8968
12290,St. Petersburg,Helsinki,295
12291,St. Petersburg,Hobart,15464
12292,St. Petersburg,Hong Kong,7536
12293,St. Petersburg,Iquique,12514
12294,St. Petersburg,Irkutsk,4403
12295,St. Petersburg,Jakarta,9868
12296,St. Petersburg,Johannesburg,9579
12297,St. Petersburg,Kingston,9196
12298,St. Petersburg,Kinshasa,7262
12299,St. Petersburg,Kuala Lumpur,8680
12300,St. Petersburg,La Paz,12065
12301,St. Petersburg,Leeds,2029
12302,St. Petersburg,Lima,12122
12303,St. Petersburg,Lisbon,3615
12304,St. Petersburg,Liverpool,2132
12305,St. Petersburg,London,2094
12306,St. Petersburg,Lyons,2299
12307,St. Petersburg,Madrid,3187
12308,St. Petersburg,Manchester,2085
12309,St. Petersburg,Manila,8643
12310,St. Petersburg,Marseilles,2495
12311,St. Petersburg,Mazatln,9971
12312,St. Petersburg,Mecca,4339
12313,St. Petersburg,Melbourne,14907
12314,St. Petersburg,Mexico City,10084
12315,St. Petersburg,Milan,2130
12316,St. Petersburg,Montevideo,13122
12317,St. Petersburg,Moscow,634
12318,St. Petersburg,Munich,1780
12319,St. Petersburg,Nagasaki,7398
12320,St. Petersburg,Nagoya,7520
12321,St. Petersburg,Nairobi,6846
12322,St. Petersburg,Nanjing (Nanking),6892
12323,St. Petersburg,Naples,2394
12324,St. Petersburg,New Delhi,4935
12325,St. Petersburg,Newcastle-on-Tyne,1965
12326,St. Petersburg,Odessa,1499
12327,St. Petersburg,Osaka,7507
12328,St. Petersburg,Oslo,1087
12329,St. Petersburg,Panama City,10217
12330,St. Petersburg,Paramaribo,9206
12331,St. Petersburg,Paris,2168
12332,St. Petersburg,Perth,12804
12333,St. Petersburg,Plymouth,2389
12334,St. Petersburg,Port Moresby,12385
12335,St. Petersburg,Prague,1483
12336,St. Petersburg,Rangoon,7048
12337,St. Petersburg,Reykjavk,2686
12338,St. Petersburg,Rio de Janeiro,11332
12339,St. Petersburg,Rome,2346
12340,St. Petersburg,Salvador,10114
12341,St. Petersburg,Santiago,13774
12342,St. Petersburg,St. Petersburg,0
12343,St. Petersburg,So Paulo,11555
12344,St. Petersburg,Shanghai,7110
12345,St. Petersburg,Singapore,8984
12346,St. Petersburg,Sofia,1977
12347,St. Petersburg,Stockholm,691
12348,St. Petersburg,Sydney,14912
12349,St. Petersburg,Tananarive,8896
12350,St. Petersburg,Teheran,3098
12351,St. Petersburg,Tokyo,7599
12352,St. Petersburg,Tripoli,3251
12353,St. Petersburg,Venice,2002
12354,St. Petersburg,Veracruz,9989
12355,St. Petersburg,Vienna,1581
12356,St. Petersburg,Vladivostok,6538
12357,St. Petersburg,Warsaw,1030
12358,St. Petersburg,Wellington,16827
12359,St. Petersburg,Zrich,1987
12360,So Paulo,Aberdeen,9877
12361,So Paulo,Adelaide,13495
12362,So Paulo,Algiers,8481
12363,So Paulo,Amsterdam,9795
12364,So Paulo,Ankara,10819
12365,So Paulo,Asuncin,1145
12366,So Paulo,Athens,10013
12367,So Paulo,Auckland,12029
12368,So Paulo,Bangkok,16384
12369,So Paulo,Barcelona,8785
12370,So Paulo,Beijing,17588
12371,So Paulo,Belm,2460
12372,So Paulo,Belfast,9510
12373,So Paulo,Belgrade,10186
12374,So Paulo,Berlin,10242
12375,So Paulo,Birmingham,9484
12376,So Paulo,Bogot,4332
12377,So Paulo,Bombay,13751
12378,So Paulo,Bordeaux,8916
12379,So Paulo,Bremen,10044
12380,So Paulo,Brisbane,13964
12381,So Paulo,Bristol,9374
12382,So Paulo,Brussels,9653
12383,So Paulo,Bucharest,10541
12384,So Paulo,Budapest,10251
12385,So Paulo,Buenos Aires,1682
12386,So Paulo,Cairo,10216
12387,So Paulo,Calcutta,15420
12388,So Paulo,Canton,17950
12389,So Paulo,Cape Town,6330
12390,So Paulo,Caracas,4388
12391,So Paulo,Cayenne,3212
12392,So Paulo,Chihuahua,8616
12393,So Paulo,Chongqing,17258
12394,So Paulo,Copenhagen,10414
12395,So Paulo,Crdoba,1948
12396,So Paulo,Dakar,5291
12397,So Paulo,Darwin,16003
12398,So Paulo,Djibouti,10471
12399,So Paulo,Dublin,9383
12400,So Paulo,Durban,7577
12401,So Paulo,Edinburgh,9732
12402,So Paulo,Frankfurt,9820
12403,So Paulo,Georgetown,3598
12404,So Paulo,Glasgow,9682
12405,So Paulo,Guatemala City,6391
12406,So Paulo,Guayaquil,4308
12407,So Paulo,Hamburg,10139
12408,So Paulo,Hammerfest,11770
12409,So Paulo,Havana,6474
12410,So Paulo,Helsinki,11300
12411,So Paulo,Hobart,12498
12412,So Paulo,Hong Kong,18035
12413,So Paulo,Iquique,2461
12414,So Paulo,Irkutsk,15958
12415,So Paulo,Jakarta,15615
12416,So Paulo,Johannesburg,7421
12417,So Paulo,Kingston,5666
12418,So Paulo,Kinshasa,6947
12419,So Paulo,Kuala Lumpur,15916
12420,So Paulo,La Paz,2411
12421,So Paulo,Leeds,9615
12422,So Paulo,Lima,3466
12423,So Paulo,Lisbon,7940
12424,So Paulo,Liverpool,9523
12425,So Paulo,London,9492
12426,So Paulo,Lyons,9280
12427,So Paulo,Madrid,8376
12428,So Paulo,Manchester,9562
12429,So Paulo,Manila,18366
12430,So Paulo,Marseilles,9124
12431,So Paulo,Mazatln,8295
12432,So Paulo,Mecca,10585
12433,So Paulo,Melbourne,13093
12434,So Paulo,Mexico City,7438
12435,So Paulo,Milan,9508
12436,So Paulo,Montevideo,1571
12437,So Paulo,Moscow,11795
12438,So Paulo,Munich,9840
12439,So Paulo,Nagasaki,18926
12440,So Paulo,Nagoya,18682
12441,So Paulo,Nairobi,9275
12442,So Paulo,Nanjing (Nanking),18296
12443,So Paulo,Naples,9510
12444,So Paulo,New Delhi,14414
12445,So Paulo,Newcastle-on-Tyne,9713
12446,So Paulo,Odessa,10969
12447,So Paulo,Osaka,18774
12448,So Paulo,Oslo,10624
12449,So Paulo,Panama City,5091
12450,So Paulo,Paramaribo,3389
12451,So Paulo,Paris,9387
12452,So Paulo,Perth,13569
12453,So Paulo,Plymouth,9217
12454,So Paulo,Port Moresby,16063
12455,So Paulo,Prague,10137
12456,So Paulo,Rangoon,16044
12457,So Paulo,Reykjavk,9969
12458,So Paulo,Rio de Janeiro,344
12459,So Paulo,Rome,9462
12460,So Paulo,Salvador,1451
12461,So Paulo,Santiago,2605
12462,So Paulo,St. Petersburg,11555
12463,So Paulo,So Paulo,0
12464,So Paulo,Shanghai,18556
12465,So Paulo,Singapore,15978
12466,So Paulo,Sofia,10250
12467,So Paulo,Stockholm,10914
12468,So Paulo,Sydney,13356
12469,So Paulo,Tananarive,9578
12470,So Paulo,Teheran,12218
12471,So Paulo,Tokyo,18535
12472,So Paulo,Tripoli,8912
12473,So Paulo,Venice,9697
12474,So Paulo,Veracruz,7177
12475,So Paulo,Vienna,10127
12476,So Paulo,Vladivostok,17825
12477,So Paulo,Warsaw,10650
12478,So Paulo,Wellington,11646
12479,So Paulo,Zrich,9608
12480,Shanghai,Aberdeen,8868
12481,Shanghai,Adelaide,7563
12482,Shanghai,Algiers,10110
12483,Shanghai,Amsterdam,8880
12484,Shanghai,Ankara,7738
12485,Shanghai,Asuncin,19351
12486,Shanghai,Athens,8545
12487,Shanghai,Auckland,9377
12488,Shanghai,Bangkok,2886
12489,Shanghai,Barcelona,9830
12490,Shanghai,Beijing,1074
12491,Shanghai,Belm,16547
12492,Shanghai,Belfast,9234
12493,Shanghai,Belgrade,8397
12494,Shanghai,Berlin,8403
12495,Shanghai,Birmingham,9222
12496,Shanghai,Bogot,15709
12497,Shanghai,Bombay,5042
12498,Shanghai,Bordeaux,9730
12499,Shanghai,Bremen,8621
12500,Shanghai,Brisbane,7335
12501,Shanghai,Bristol,9328
12502,Shanghai,Brussels,9013
12503,Shanghai,Bucharest,8031
12504,Shanghai,Budapest,8347
12505,Shanghai,Buenos Aires,19634
12506,Shanghai,Cairo,8348
12507,Shanghai,Calcutta,3402
12508,Shanghai,Canton,1208
12509,Shanghai,Cape Town,12979
12510,Shanghai,Caracas,15297
12511,Shanghai,Cayenne,15959
12512,Shanghai,Chihuahua,11677
12513,Shanghai,Chongqing,1435
12514,Shanghai,Copenhagen,8258
12515,Shanghai,Crdoba,19478
12516,Shanghai,Dakar,13292
12517,Shanghai,Darwin,4954
12518,Shanghai,Djibouti,8255
12519,Shanghai,Dublin,9353
12520,Shanghai,Durban,11718
12521,Shanghai,Edinburgh,9008
12522,Shanghai,Frankfurt,8824
12523,Shanghai,Georgetown,15798
12524,Shanghai,Glasgow,9063
12525,Shanghai,Guatemala City,13884
12526,Shanghai,Guayaquil,16084
12527,Shanghai,Hamburg,8525
12528,Shanghai,Hammerfest,7036
12529,Shanghai,Havana,13464
12530,Shanghai,Helsinki,7378
12531,Shanghai,Hobart,8644
12532,Shanghai,Hong Kong,1218
12533,Shanghai,Iquique,18331
12534,Shanghai,Irkutsk,2748
12535,Shanghai,Jakarta,4444
12536,Shanghai,Johannesburg,11775
12537,Shanghai,Kingston,14211
12538,Shanghai,Kinshasa,11793
12539,Shanghai,Kuala Lumpur,3742
12540,Shanghai,La Paz,18099
12541,Shanghai,Leeds,9099
12542,Shanghai,Lima,17160
12543,Shanghai,Lisbon,10714
12544,Shanghai,Liverpool,9196
12545,Shanghai,London,9198
12546,Shanghai,Lyons,9349
12547,Shanghai,Madrid,10259
12548,Shanghai,Manchester,9154
12549,Shanghai,Manila,1844
12550,Shanghai,Marseilles,9490
12551,Shanghai,Mazatln,12106
12552,Shanghai,Mecca,8037
12553,Shanghai,Melbourne,8045
12554,Shanghai,Mexico City,12914
12555,Shanghai,Milan,9106
12556,Shanghai,Montevideo,19546
12557,Shanghai,Moscow,6823
12558,Shanghai,Munich,8781
12559,Shanghai,Nagasaki,820
12560,Shanghai,Nagoya,1503
12561,Shanghai,Nairobi,9571
12562,Shanghai,Nanjing (Nanking),263
12563,Shanghai,Naples,9069
12564,Shanghai,New Delhi,4249
12565,Shanghai,Newcastle-on-Tyne,9011
12566,Shanghai,Odessa,7604
12567,Shanghai,Osaka,1361
12568,Shanghai,Oslo,8092
12569,Shanghai,Panama City,15023
12570,Shanghai,Paramaribo,15895
12571,Shanghai,Paris,9273
12572,Shanghai,Perth,7042
12573,Shanghai,Plymouth,9485
12574,Shanghai,Port Moresby,5276
12575,Shanghai,Prague,8489
12576,Shanghai,Rangoon,3026
12577,Shanghai,Reykjavk,8952
12578,Shanghai,Rio de Janeiro,18245
12579,Shanghai,Rome,9124
12580,Shanghai,Salvador,17128
12581,Shanghai,Santiago,18839
12582,Shanghai,St. Petersburg,7110
12583,Shanghai,So Paulo,18556
12584,Shanghai,Shanghai,0
12585,Shanghai,Singapore,3806
12586,Shanghai,Sofia,8320
12587,Shanghai,Stockholm,7773
12588,Shanghai,Sydney,7879
12589,Shanghai,Tananarive,9642
12590,Shanghai,Teheran,6349
12591,Shanghai,Tokyo,1766
12592,Shanghai,Tripoli,9647
12593,Shanghai,Venice,8906
12594,Shanghai,Veracruz,13125
12595,Shanghai,Vienna,8481
12596,Shanghai,Vladivostok,1625
12597,Shanghai,Warsaw,7973
12598,Shanghai,Wellington,9735
12599,Shanghai,Zrich,9018
12600,Singapore,Aberdeen,10851
12601,Singapore,Adelaide,5399
12602,Singapore,Algiers,10893
12603,Singapore,Amsterdam,10510
12604,Singapore,Ankara,8309
12605,Singapore,Asuncin,16693
12606,Singapore,Athens,9065
12607,Singapore,Auckland,8399
12608,Singapore,Bangkok,1441
12609,Singapore,Barcelona,10894
12610,Singapore,Beijing,4483
12611,Singapore,Belm,16946
12612,Singapore,Belfast,11154
12613,Singapore,Belgrade,9389
12614,Singapore,Berlin,9932
12615,Singapore,Birmingham,10962
12616,Singapore,Bogot,19342
12617,Singapore,Bombay,3923
12618,Singapore,Bordeaux,11041
12619,Singapore,Bremen,10238
12620,Singapore,Brisbane,6148
12621,Singapore,Bristol,11031
12622,Singapore,Brussels,10568
12623,Singapore,Bucharest,8945
12624,Singapore,Budapest,9518
12625,Singapore,Buenos Aires,15876
12626,Singapore,Cairo,8265
12627,Singapore,Calcutta,2905
12628,Singapore,Canton,2633
12629,Singapore,Cape Town,9673
12630,Singapore,Caracas,18373
12631,Singapore,Cayenne,17288
12632,Singapore,Chihuahua,15408
12633,Singapore,Chongqing,3185
12634,Singapore,Copenhagen,9978
12635,Singapore,Crdoba,16427
12636,Singapore,Dakar,13330
12637,Singapore,Darwin,3340
12638,Singapore,Djibouti,6808
12639,Singapore,Dublin,11216
12640,Singapore,Durban,8448
12641,Singapore,Edinburgh,10945
12642,Singapore,Frankfurt,10274
12643,Singapore,Georgetown,17846
12644,Singapore,Glasgow,11013
12645,Singapore,Guatemala City,17642
12646,Singapore,Guayaquil,19574
12647,Singapore,Hamburg,10153
12648,Singapore,Hammerfest,9521
12649,Singapore,Havana,17221
12650,Singapore,Helsinki,9277
12651,Singapore,Hobart,6540
12652,Singapore,Hong Kong,2595
12653,Singapore,Iquique,17812
12654,Singapore,Irkutsk,5700
12655,Singapore,Jakarta,893
12656,Singapore,Johannesburg,8660
12657,Singapore,Kingston,17876
12658,Singapore,Kinshasa,9866
12659,Singapore,Kuala Lumpur,324
12660,Singapore,La Paz,18123
12661,Singapore,Leeds,10901
12662,Singapore,Lima,18813
12663,Singapore,Lisbon,11896
12664,Singapore,Liverpool,11006
12665,Singapore,London,10861
12666,Singapore,Lyons,10611
12667,Singapore,Madrid,11396
12668,Singapore,Manchester,10955
12669,Singapore,Manila,2388
12670,Singapore,Marseilles,10605
12671,Singapore,Mazatln,15754
12672,Singapore,Mecca,7293
12673,Singapore,Melbourne,6044
12674,Singapore,Mexico City,16609
12675,Singapore,Milan,10279
12676,Singapore,Montevideo,15742
12677,Singapore,Moscow,8438
12678,Singapore,Munich,10078
12679,Singapore,Nagasaki,4440
12680,Singapore,Nagoya,5084
12681,Singapore,Nairobi,7455
12682,Singapore,Nanjing (Nanking),3768
12683,Singapore,Naples,9889
12684,Singapore,New Delhi,4157
12685,Singapore,Newcastle-on-Tyne,10877
12686,Singapore,Odessa,8622
12687,Singapore,Osaka,4943
12688,Singapore,Oslo,10067
12689,Singapore,Panama City,18818
12690,Singapore,Paramaribo,17574
12691,Singapore,Paris,10748
12692,Singapore,Perth,3898
12693,Singapore,Plymouth,11162
12694,Singapore,Port Moresby,4929
12695,Singapore,Prague,9865
12696,Singapore,Rangoon,1939
12697,Singapore,Reykjavk,11531
12698,Singapore,Rio de Janeiro,15722
12699,Singapore,Rome,10037
12700,Singapore,Salvador,15671
12701,Singapore,Santiago,16388
12702,Singapore,St. Petersburg,8984
12703,Singapore,So Paulo,15978
12704,Singapore,Shanghai,3806
12705,Singapore,Singapore,0
12706,Singapore,Sofia,9145
12707,Singapore,Stockholm,9654
12708,Singapore,Sydney,6279
12709,Singapore,Tananarive,6544
12710,Singapore,Teheran,6596
12711,Singapore,Tokyo,5320
12712,Singapore,Tripoli,9999
12713,Singapore,Venice,10033
12714,Singapore,Veracruz,16859
12715,Singapore,Vienna,9726
12716,Singapore,Vladivostok,5431
12717,Singapore,Warsaw,9417
12718,Singapore,Wellington,8515
12719,Singapore,Zrich,10312
12720,Sofia,Aberdeen,2408
12721,Sofia,Adelaide,14476
12722,Sofia,Algiers,1849
12723,Sofia,Amsterdam,1747
12724,Sofia,Ankara,856
12725,Sofia,Asuncin,11193
12726,Sofia,Athens,523
12727,Sofia,Auckland,17501
12728,Sofia,Bangkok,7934
12729,Sofia,Barcelona,1750
12730,Sofia,Beijing,7354
12731,Sofia,Belm,8646
12732,Sofia,Belfast,2500
12733,Sofia,Belgrade,332
12734,Sofia,Berlin,1319
12735,Sofia,Birmingham,2167
12736,Sofia,Bogot,10282
12737,Sofia,Bombay,5308
12738,Sofia,Bordeaux,1923
12739,Sofia,Bremen,1579
12740,Sofia,Brisbane,15224
12741,Sofia,Bristol,2177
12742,Sofia,Brussels,1700
12743,Sofia,Bucharest,296
12744,Sofia,Budapest,632
12745,Sofia,Buenos Aires,11930
12746,Sofia,Cairo,1575
12747,Sofia,Calcutta,6325
12748,Sofia,Canton,8285
12749,Sofia,Cape Town,8530
12750,Sofia,Caracas,9250
12751,Sofia,Cayenne,8471
12752,Sofia,Chihuahua,10551
12753,Sofia,Chongqing,7304
12754,Sofia,Copenhagen,1639
12755,Sofia,Crdoba,12125
12756,Sofia,Dakar,4976
12757,Sofia,Darwin,12370
12758,Sofia,Djibouti,3955
12759,Sofia,Dublin,2475
12760,Sofia,Durban,8104
12761,Sofia,Edinburgh,2396
12762,Sofia,Frankfurt,1391
12763,Sofia,Georgetown,8812
12764,Sofia,Glasgow,2453
12765,Sofia,Guatemala City,10752
12766,Sofia,Guayaquil,11252
12767,Sofia,Hamburg,1556
12768,Sofia,Hammerfest,3109
12769,Sofia,Havana,9477
12770,Sofia,Helsinki,1949
12771,Sofia,Hobart,15530
12772,Sofia,Hong Kong,8414
12773,Sofia,Iquique,11783
12774,Sofia,Irkutsk,5846
12775,Sofia,Jakarta,9949
12776,Sofia,Johannesburg,7672
12777,Sofia,Kingston,9459
12778,Sofia,Kinshasa,5285
12779,Sofia,Kuala Lumpur,8821
12780,Sofia,La Paz,11374
12781,Sofia,Leeds,2196
12782,Sofia,Lima,11751
12783,Sofia,Lisbon,2755
12784,Sofia,Liverpool,2274
12785,Sofia,London,2015
12786,Sofia,Lyons,1510
12787,Sofia,Madrid,2253
12788,Sofia,Manchester,2231
12789,Sofia,Manila,9520
12790,Sofia,Marseilles,1462
12791,Sofia,Mazatln,11064
12792,Sofia,Mecca,2806
12793,Sofia,Melbourne,15128
12794,Sofia,Mexico City,10944
12795,Sofia,Milan,1171
12796,Sofia,Montevideo,11800
12797,Sofia,Moscow,1778
12798,Sofia,Munich,1098
12799,Sofia,Nagasaki,8787
12800,Sofia,Nagoya,9054
12801,Sofia,Nairobi,5087
12802,Sofia,Nanjing (Nanking),8070
12803,Sofia,Naples,780
12804,Sofia,New Delhi,5022
12805,Sofia,Newcastle-on-Tyne,2261
12806,Sofia,Odessa,725
12807,Sofia,Osaka,9011
12808,Sofia,Oslo,2104
12809,Sofia,Panama City,10365
12810,Sofia,Paramaribo,8641
12811,Sofia,Paris,1759
12812,Sofia,Perth,12533
12813,Sofia,Plymouth,2250
12814,Sofia,Port Moresby,13450
12815,Sofia,Prague,1069
12816,Sofia,Rangoon,7344
12817,Sofia,Reykjavk,3704
12818,Sofia,Rio de Janeiro,9973
12819,Sofia,Rome,898
12820,Sofia,Salvador,8808
12821,Sofia,Santiago,12750
12822,Sofia,St. Petersburg,1977
12823,Sofia,So Paulo,10250
12824,Sofia,Shanghai,8320
12825,Sofia,Singapore,9145
12826,Sofia,Sofia,0
12827,Sofia,Stockholm,1882
12828,Sofia,Sydney,15424
12829,Sofia,Tananarive,7274
12830,Sofia,Teheran,2552
12831,Sofia,Tokyo,9180
12832,Sofia,Tripoli,1397
12833,Sofia,Venice,930
12834,Sofia,Veracruz,10770
12835,Sofia,Vienna,824
12836,Sofia,Vladivostok,8119
12837,Sofia,Warsaw,1077
12838,Sofia,Wellington,17661
12839,Sofia,Zrich,1273
12840,Stockholm,Aberdeen,1201
12841,Stockholm,Adelaide,14992
12842,Stockholm,Algiers,2720
12843,Stockholm,Amsterdam,1122
12844,Stockholm,Ankara,2392
12845,Stockholm,Asuncin,11635
12846,Stockholm,Athens,2404
12847,Stockholm,Auckland,17014
12848,Stockholm,Bangkok,8268
12849,Stockholm,Barcelona,2274
12850,Stockholm,Beijing,6711
12851,Stockholm,Belm,8845
12852,Stockholm,Belfast,1534
12853,Stockholm,Belgrade,1611
12854,Stockholm,Berlin,807
12855,Stockholm,Birmingham,1453
12856,Stockholm,Bogot,9704
12857,Stockholm,Bombay,6231
12858,Stockholm,Bordeaux,2033
12859,Stockholm,Bremen,893
12860,Stockholm,Brisbane,15106
12861,Stockholm,Bristol,1556
12862,Stockholm,Brussels,1273
12863,Stockholm,Bucharest,1740
12864,Stockholm,Budapest,1311
12865,Stockholm,Buenos Aires,12554
12866,Stockholm,Cairo,3403
12867,Stockholm,Calcutta,6755
12868,Stockholm,Canton,8100
12869,Stockholm,Cape Town,10363
12870,Stockholm,Caracas,8729
12871,Stockholm,Cayenne,8441
12872,Stockholm,Chihuahua,8982
12873,Stockholm,Chongqing,7117
12874,Stockholm,Copenhagen,518
12875,Stockholm,Crdoba,12558
12876,Stockholm,Dakar,5747
12877,Stockholm,Darwin,12483
12878,Stockholm,Djibouti,5705
12879,Stockholm,Dublin,1626
12880,Stockholm,Durban,9985
12881,Stockholm,Edinburgh,1311
12882,Stockholm,Frankfurt,1181
12883,Stockholm,Georgetown,8586
12884,Stockholm,Glasgow,1377
12885,Stockholm,Guatemala City,9627
12886,Stockholm,Guayaquil,10667
12887,Stockholm,Hamburg,804
12888,Stockholm,Hammerfest,1287
12889,Stockholm,Havana,8380
12890,Stockholm,Helsinki,401
12891,Stockholm,Hobart,16152
12892,Stockholm,Hong Kong,8224
12893,Stockholm,Iquique,11822
12894,Stockholm,Irkutsk,5047
12895,Stockholm,Jakarta,10535
12896,Stockholm,Johannesburg,9549
12897,Stockholm,Kingston,8566
12898,Stockholm,Kinshasa,7074
12899,Stockholm,Kuala Lumpur,9347
12900,Stockholm,La Paz,11373
12901,Stockholm,Leeds,1341
12902,Stockholm,Lima,11440
12903,Stockholm,Lisbon,2984
12904,Stockholm,Liverpool,1443
12905,Stockholm,London,1425
12906,Stockholm,Lyons,1743
12907,Stockholm,Madrid,2586
12908,Stockholm,Manchester,1397
12909,Stockholm,Manila,9330
12910,Stockholm,Marseilles,1973
12911,Stockholm,Mazatln,9542
12912,Stockholm,Mecca,4541
12913,Stockholm,Melbourne,15598
12914,Stockholm,Mexico City,9586
12915,Stockholm,Milan,1648
12916,Stockholm,Montevideo,12475
12917,Stockholm,Moscow,1226
12918,Stockholm,Munich,1309
12919,Stockholm,Nagasaki,8029
12920,Stockholm,Nagoya,8114
12921,Stockholm,Nairobi,6948
12922,Stockholm,Nanjing (Nanking),7559
12923,Stockholm,Naples,2068
12924,Stockholm,New Delhi,5571
12925,Stockholm,Newcastle-on-Tyne,1274
12926,Stockholm,Odessa,1657
12927,Stockholm,Osaka,8110
12928,Stockholm,Oslo,419
12929,Stockholm,Panama City,9577
12930,Stockholm,Paramaribo,8514
12931,Stockholm,Paris,1545
12932,Stockholm,Perth,13446
12933,Stockholm,Plymouth,1713
12934,Stockholm,Port Moresby,13041
12935,Stockholm,Prague,1048
12936,Stockholm,Rangoon,7722
12937,Stockholm,Reykjavk,2138
12938,Stockholm,Rio de Janeiro,10703
12939,Stockholm,Rome,1971
12940,Stockholm,Salvador,9482
12941,Stockholm,Santiago,13089
12942,Stockholm,St. Petersburg,691
12943,Stockholm,So Paulo,10914
12944,Stockholm,Shanghai,7773
12945,Stockholm,Singapore,9654
12946,Stockholm,Sofia,1882
12947,Stockholm,Stockholm,0
12948,Stockholm,Sydney,15599
12949,Stockholm,Tananarive,9091
12950,Stockholm,Teheran,3568
12951,Stockholm,Tokyo,8178
12952,Stockholm,Tripoli,2950
12953,Stockholm,Venice,1586
12954,Stockholm,Veracruz,9469
12955,Stockholm,Vienna,1233
12956,Stockholm,Vladivostok,7126
12957,Stockholm,Warsaw,805
12958,Stockholm,Wellington,17446
12959,Stockholm,Zrich,1466
12960,Sydney,Aberdeen,16743
12961,Sydney,Adelaide,1140
12962,Sydney,Algiers,17111
12963,Sydney,Amsterdam,16642
12964,Sydney,Ankara,14584
12965,Sydney,Asuncin,12764
12966,Sydney,Athens,15314
12967,Sydney,Auckland,2169
12968,Sydney,Bangkok,7528
12969,Sydney,Barcelona,17171
12970,Sydney,Beijing,8953
12971,Sydney,Belm,15576
12972,Sydney,Belfast,17106
12973,Sydney,Belgrade,15665
12974,Sydney,Berlin,16090
12975,Sydney,Birmingham,17045
12976,Sydney,Bogot,14317
12977,Sydney,Bombay,10146
12978,Sydney,Bordeaux,17307
12979,Sydney,Bremen,16366
12980,Sydney,Brisbane,752
12981,Sydney,Bristol,17141
12982,Sydney,Brussels,16739
12983,Sydney,Bucharest,15221
12984,Sydney,Budapest,15773
12985,Sydney,Buenos Aires,11798
12986,Sydney,Cairo,14390
12987,Sydney,Calcutta,9127
12988,Sydney,Canton,7501
12989,Sydney,Cape Town,10992
12990,Sydney,Caracas,15350
12991,Sydney,Cayenne,15976
12992,Sydney,Chihuahua,12842
12993,Sydney,Chongqing,8487
12994,Sydney,Copenhagen,16040
12995,Sydney,Crdoba,11856
12996,Sydney,Dakar,17572
12997,Sydney,Darwin,3144
12998,Sydney,Djibouti,12366
12999,Sydney,Dublin,17216
13000,Sydney,Durban,10530
13001,Sydney,Edinburgh,16879
13002,Sydney,Frankfurt,16478
13003,Sydney,Georgetown,15748
13004,Sydney,Glasgow,16936
13005,Sydney,Guatemala City,13519
13006,Sydney,Guayaquil,13350
13007,Sydney,Hamburg,16272
13008,Sydney,Hammerfest,14897
13009,Sydney,Havana,14723
13010,Sydney,Helsinki,15197
13011,Sydney,Hobart,1036
13012,Sydney,Hong Kong,7375
13013,Sydney,Iquique,12584
13014,Sydney,Irkutsk,10628
13015,Sydney,Jakarta,5484
13016,Sydney,Johannesburg,11015
13017,Sydney,Kingston,14966
13018,Sydney,Kinshasa,13717
13019,Sydney,Kuala Lumpur,6603
13020,Sydney,La Paz,13026
13021,Sydney,Leeds,16940
13022,Sydney,Lima,12811
13023,Sydney,Lisbon,18165
13024,Sydney,Liverpool,17042
13025,Sydney,London,16988
13026,Sydney,Lyons,16876
13027,Sydney,Madrid,17672
13028,Sydney,Manchester,16996
13029,Sydney,Manila,6269
13030,Sydney,Marseilles,16884
13031,Sydney,Mazatln,12534
13032,Sydney,Mecca,13229
13033,Sydney,Melbourne,687
13034,Sydney,Mexico City,12995
13035,Sydney,Milan,16550
13036,Sydney,Montevideo,11850
13037,Sydney,Moscow,14494
13038,Sydney,Munich,16321
13039,Sydney,Nagasaki,7746
13040,Sydney,Nagoya,7823
13041,Sydney,Nairobi,12112
13042,Sydney,Nanjing (Nanking),8076
13043,Sydney,Naples,16160
13044,Sydney,New Delhi,10418
13045,Sydney,Newcastle-on-Tyne,16868
13046,Sydney,Odessa,14882
13047,Sydney,Osaka,7789
13048,Sydney,Oslo,15952
13049,Sydney,Panama City,14168
13050,Sydney,Paramaribo,15871
13051,Sydney,Paris,16959
13052,Sydney,Perth,3269
13053,Sydney,Plymouth,17292
13054,Sydney,Port Moresby,2761
13055,Sydney,Prague,16079
13056,Sydney,Rangoon,8111
13057,Sydney,Reykjavk,16637
13058,Sydney,Rio de Janeiro,13506
13059,Sydney,Rome,16314
13060,Sydney,Salvador,14701
13061,Sydney,Santiago,11339
13062,Sydney,St. Petersburg,14912
13063,Sydney,So Paulo,13356
13064,Sydney,Shanghai,7879
13065,Sydney,Singapore,6279
13066,Sydney,Sofia,15424
13067,Sydney,Stockholm,15599
13068,Sydney,Sydney,0
13069,Sydney,Tananarive,10020
13070,Sydney,Teheran,12873
13071,Sydney,Tokyo,7834
13072,Sydney,Tripoli,16127
13073,Sydney,Venice,16305
13074,Sydney,Veracruz,13251
13075,Sydney,Vienna,15971
13076,Sydney,Vladivostok,8795
13077,Sydney,Warsaw,15590
13078,Sydney,Wellington,2236
13079,Sydney,Zrich,16563
13080,Tananarive,Aberdeen,9619
13081,Tananarive,Adelaide,8915
13082,Tananarive,Algiers,7754
13083,Tananarive,Amsterdam,8923
13084,Tananarive,Ankara,6706
13085,Tananarive,Asuncin,10562
13086,Tananarive,Athens,6789
13087,Tananarive,Auckland,11710
13088,Tananarive,Bangkok,6838
13089,Tananarive,Barcelona,8164
13090,Tananarive,Beijing,9659
13091,Tananarive,Belm,10589
13092,Tananarive,Belfast,9606
13093,Tananarive,Belgrade,7593
13094,Tananarive,Berlin,8589
13095,Tananarive,Birmingham,9245
13096,Tananarive,Bogot,13511
13097,Tananarive,Bombay,5029
13098,Tananarive,Bordeaux,8588
13099,Tananarive,Bremen,8819
13100,Tananarive,Brisbane,10495
13101,Tananarive,Bristol,9206
13102,Tananarive,Brussels,8821
13103,Tananarive,Bucharest,7362
13104,Tananarive,Budapest,7904
13105,Tananarive,Buenos Aires,10201
13106,Tananarive,Cairo,5704
13107,Tananarive,Calcutta,6394
13108,Tananarive,Canton,8519
13109,Tananarive,Cape Town,3338
13110,Tananarive,Caracas,12951
13111,Tananarive,Cayenne,11215
13112,Tananarive,Chihuahua,17127
13113,Tananarive,Chongqing,8314
13114,Tananarive,Copenhagen,8914
13115,Tananarive,Crdoba,10839
13116,Tananarive,Dakar,8033
13117,Tananarive,Darwin,8870
13118,Tananarive,Djibouti,3408
13119,Tananarive,Dublin,9530
13120,Tananarive,Durban,2083
13121,Tananarive,Edinburgh,9571
13122,Tananarive,Frankfurt,8562
13123,Tananarive,Georgetown,11907
13124,Tananarive,Glasgow,9614
13125,Tananarive,Guatemala City,15534
13126,Tananarive,Guayaquil,13820
13127,Tananarive,Hamburg,8813
13128,Tananarive,Hammerfest,10119
13129,Tananarive,Havana,14819
13130,Tananarive,Helsinki,9017
13131,Tananarive,Hobart,9356
13132,Tananarive,Hong Kong,8564
13133,Tananarive,Iquique,11956
13134,Tananarive,Irkutsk,9628
13135,Tananarive,Jakarta,6551
13136,Tananarive,Johannesburg,2159
13137,Tananarive,Kingston,14169
13138,Tananarive,Kinshasa,3857
13139,Tananarive,Kuala Lumpur,6404
13140,Tananarive,La Paz,11984
13141,Tananarive,Leeds,9327
13142,Tananarive,Lima,13041
13143,Tananarive,Lisbon,8702
13144,Tananarive,Liverpool,9374
13145,Tananarive,London,9086
13146,Tananarive,Lyons,8371
13147,Tananarive,Madrid,8453
13148,Tananarive,Manchester,9344
13149,Tananarive,Manila,8851
13150,Tananarive,Marseilles,8144
13151,Tananarive,Mazatln,17273
13152,Tananarive,Mecca,4562
13153,Tananarive,Melbourne,9361
13154,Tananarive,Mexico City,16518
13155,Tananarive,Milan,8130
13156,Tananarive,Montevideo,10004
13157,Tananarive,Moscow,8346
13158,Tananarive,Munich,8260
13159,Tananarive,Nagasaki,10451
13160,Tananarive,Nagoya,11143
13161,Tananarive,Nairobi,2256
13162,Tananarive,Nanjing (Nanking),9462
13163,Tananarive,Naples,7472
13164,Tananarive,New Delhi,6160
13165,Tananarive,Newcastle-on-Tyne,9427
13166,Tananarive,Odessa,7451
13167,Tananarive,Osaka,10999
13168,Tananarive,Oslo,9370
13169,Tananarive,Panama City,14219
13170,Tananarive,Paramaribo,11558
13171,Tananarive,Paris,8748
13172,Tananarive,Perth,6907
13173,Tananarive,Plymouth,9205
13174,Tananarive,Port Moresby,10662
13175,Tananarive,Prague,8324
13176,Tananarive,Rangoon,6617
13177,Tananarive,Reykjavk,10937
13178,Tananarive,Rio de Janeiro,9276
13179,Tananarive,Rome,7656
13180,Tananarive,Salvador,9134
13181,Tananarive,Santiago,11266
13182,Tananarive,St. Petersburg,8896
13183,Tananarive,So Paulo,9578
13184,Tananarive,Shanghai,9642
13185,Tananarive,Singapore,6544
13186,Tananarive,Sofia,7274
13187,Tananarive,Stockholm,9091
13188,Tananarive,Sydney,10020
13189,Tananarive,Tananarive,0
13190,Tananarive,Teheran,6085
13191,Tananarive,Tokyo,11405
13192,Tananarive,Tripoli,6816
13193,Tananarive,Venice,7981
13194,Tananarive,Veracruz,16207
13195,Tananarive,Vienna,8077
13196,Tananarive,Vladivostok,10993
13197,Tananarive,Warsaw,8309
13198,Tananarive,Wellington,11403
13199,Tananarive,Zrich,8327
13200,Teheran,Aberdeen,4602
13201,Teheran,Adelaide,11934
13202,Teheran,Algiers,4322
13203,Teheran,Amsterdam,4083
13204,Teheran,Ankara,1713
13205,Teheran,Asuncin,13293
13206,Teheran,Athens,2496
13207,Teheran,Auckland,14984
13208,Teheran,Bangkok,5426
13209,Teheran,Barcelona,4298
13210,Teheran,Beijing,5572
13211,Teheran,Belm,11025
13212,Teheran,Belfast,4816
13213,Teheran,Belgrade,2813
13214,Teheran,Berlin,3521
13215,Teheran,Birmingham,4543
13216,Teheran,Bogot,12834
13217,Teheran,Bombay,2779
13218,Teheran,Bordeaux,4466
13219,Teheran,Bremen,3837
13220,Teheran,Brisbane,12711
13221,Teheran,Bristol,4586
13222,Teheran,Brussels,4099
13223,Teheran,Bucharest,2371
13224,Teheran,Budapest,2983
13225,Teheran,Buenos Aires,13805
13226,Teheran,Cairo,2003
13227,Teheran,Calcutta,3820
13228,Teheran,Canton,6022
13229,Teheran,Cape Town,8487
13230,Teheran,Caracas,11803
13231,Teheran,Cayenne,10949
13232,Teheran,Chihuahua,12490
13233,Teheran,Chongqing,5103
13234,Teheran,Copenhagen,3685
13235,Teheran,Crdoba,14167
13236,Teheran,Dakar,7200
13237,Teheran,Darwin,9856
13238,Teheran,Djibouti,2835
13239,Teheran,Dublin,4836
13240,Teheran,Durban,7617
13241,Teheran,Edinburgh,4649
13242,Teheran,Frankfurt,3786
13243,Teheran,Georgetown,11335
13244,Teheran,Glasgow,4716
13245,Teheran,Guatemala City,13151
13246,Teheran,Guayaquil,13805
13247,Teheran,Hamburg,3771
13248,Teheran,Hammerfest,4219
13249,Teheran,Havana,11883
13250,Teheran,Helsinki,3318
13251,Teheran,Hobart,13018
13252,Teheran,Hong Kong,6147
13253,Teheran,Iquique,14136
13254,Teheran,Irkutsk,4470
13255,Teheran,Jakarta,7397
13256,Teheran,Johannesburg,7323
13257,Teheran,Kingston,11954
13258,Teheran,Kinshasa,5851
13259,Teheran,Kuala Lumpur,6271
13260,Teheran,La Paz,13763
13261,Teheran,Leeds,4524
13262,Teheran,Lima,14257
13263,Teheran,Lisbon,5300
13264,Teheran,Liverpool,4620
13265,Teheran,London,4414
13266,Teheran,Lyons,4042
13267,Teheran,Madrid,4800
13268,Teheran,Manchester,4571
13269,Teheran,Manila,7203
13270,Teheran,Marseilles,4015
13271,Teheran,Mazatln,13069
13272,Teheran,Mecca,1968
13273,Teheran,Melbourne,12587
13274,Teheran,Mexico City,13154
13275,Teheran,Milan,3705
13276,Teheran,Montevideo,13633
13277,Teheran,Moscow,2469
13278,Teheran,Munich,3546
13279,Teheran,Nagasaki,6990
13280,Teheran,Nagoya,7442
13281,Teheran,Nairobi,4410
13282,Teheran,Nanjing (Nanking),6086
13283,Teheran,Naples,3295
13284,Teheran,New Delhi,2515
13285,Teheran,Newcastle-on-Tyne,4542
13286,Teheran,Odessa,2110
13287,Teheran,Osaka,7358
13288,Teheran,Oslo,3968
13289,Teheran,Panama City,12894
13290,Teheran,Paramaribo,11144
13291,Teheran,Paris,4232
13292,Teheran,Perth,10062
13293,Teheran,Plymouth,4693
13294,Teheran,Port Moresby,11100
13295,Teheran,Prague,3383
13296,Teheran,Rangoon,4834
13297,Teheran,Reykjavk,5706
13298,Teheran,Rio de Janeiro,11897
13299,Teheran,Rome,3441
13300,Teheran,Salvador,10860
13301,Teheran,Santiago,14823
13302,Teheran,St. Petersburg,3098
13303,Teheran,So Paulo,12218
13304,Teheran,Shanghai,6349
13305,Teheran,Singapore,6596
13306,Teheran,Sofia,2552
13307,Teheran,Stockholm,3568
13308,Teheran,Sydney,12873
13309,Teheran,Tananarive,6085
13310,Teheran,Teheran,0
13311,Teheran,Tokyo,7636
13312,Teheran,Tripoli,3530
13313,Teheran,Venice,3458
13314,Teheran,Veracruz,13036
13315,Teheran,Vienna,3202
13316,Teheran,Vladivostok,6672
13317,Teheran,Warsaw,3030
13318,Teheran,Wellington,15109
13319,Teheran,Zrich,3765
13320,Tokyo,Aberdeen,9093
13321,Tokyo,Adelaide,7849
13322,Tokyo,Algiers,10800
13323,Tokyo,Amsterdam,9293
13324,Tokyo,Ankara,8765
13325,Tokyo,Asuncin,17988
13326,Tokyo,Athens,9512
13327,Tokyo,Auckland,8837
13328,Tokyo,Bangkok,4607
13329,Tokyo,Barcelona,10419
13330,Tokyo,Beijing,2097
13331,Tokyo,Belm,16118
13332,Tokyo,Belfast,9453
13333,Tokyo,Belgrade,9175
13334,Tokyo,Berlin,8922
13335,Tokyo,Birmingham,9539
13336,Tokyo,Bogot,14311
13337,Tokyo,Bombay,6740
13338,Tokyo,Bordeaux,10211
13339,Tokyo,Bremen,9071
13340,Tokyo,Brisbane,7160
13341,Tokyo,Bristol,9653
13342,Tokyo,Brussels,9450
13343,Tokyo,Bucharest,8883
13344,Tokyo,Budapest,9048
13345,Tokyo,Buenos Aires,18365
13346,Tokyo,Cairo,9562
13347,Tokyo,Calcutta,5135
13348,Tokyo,Canton,2908
13349,Tokyo,Cape Town,14740
13350,Tokyo,Caracas,14165
13351,Tokyo,Cayenne,15341
13352,Tokyo,Chihuahua,10088
13353,Tokyo,Chongqing,3157
13354,Tokyo,Copenhagen,8695
13355,Tokyo,Crdoba,17756
13356,Tokyo,Dakar,13926
13357,Tokyo,Darwin,5433
13358,Tokyo,Djibouti,9858
13359,Tokyo,Dublin,9590
13360,Tokyo,Durban,13478
13361,Tokyo,Edinburgh,9243
13362,Tokyo,Frankfurt,9336
13363,Tokyo,Georgetown,14936
13364,Tokyo,Glasgow,9284
13365,Tokyo,Guatemala City,12322
13366,Tokyo,Guayaquil,14488
13367,Tokyo,Hamburg,8980
13368,Tokyo,Hammerfest,7165
13369,Tokyo,Havana,12116
13370,Tokyo,Helsinki,7820
13371,Tokyo,Hobart,8766
13372,Tokyo,Hong Kong,2881
13373,Tokyo,Iquique,16632
13374,Tokyo,Irkutsk,3340
13375,Tokyo,Jakarta,5795
13376,Tokyo,Johannesburg,13542
13377,Tokyo,Kingston,12914
13378,Tokyo,Kinshasa,13359
13379,Tokyo,Kuala Lumpur,5324
13380,Tokyo,La Paz,16508
13381,Tokyo,Leeds,9397
13382,Tokyo,Lima,15485
13383,Tokyo,Lisbon,11146
13384,Tokyo,Liverpool,9479
13385,Tokyo,London,9559
13386,Tokyo,Lyons,9896
13387,Tokyo,Madrid,10765
13388,Tokyo,Manchester,9446
13389,Tokyo,Manila,3000
13390,Tokyo,Marseilles,10093
13391,Tokyo,Mazatln,10466
13392,Tokyo,Mecca,9482
13393,Tokyo,Melbourne,8184
13394,Tokyo,Mexico City,11304
13395,Tokyo,Milan,9722
13396,Tokyo,Montevideo,18569
13397,Tokyo,Moscow,7484
13398,Tokyo,Munich,9374
13399,Tokyo,Nagasaki,955
13400,Tokyo,Nagoya,262
13401,Tokyo,Nairobi,11256
13402,Tokyo,Nanjing (Nanking),1964
13403,Tokyo,Naples,9852
13404,Tokyo,New Delhi,5845
13405,Tokyo,Newcastle-on-Tyne,9285
13406,Tokyo,Odessa,8458
13407,Tokyo,Osaka,406
13408,Tokyo,Oslo,8408
13409,Tokyo,Panama City,13568
13410,Tokyo,Paramaribo,15150
13411,Tokyo,Paris,9722
13412,Tokyo,Perth,7920
13413,Tokyo,Plymouth,9807
13414,Tokyo,Port Moresby,5072
13415,Tokyo,Prague,9075
13416,Tokyo,Rangoon,4788
13417,Tokyo,Reykjavk,8809
13418,Tokyo,Rio de Janeiro,18572
13419,Tokyo,Rome,9861
13420,Tokyo,Salvador,17480
13421,Tokyo,Santiago,17222
13422,Tokyo,St. Petersburg,7599
13423,Tokyo,So Paulo,18535
13424,Tokyo,Shanghai,1766
13425,Tokyo,Singapore,5320
13426,Tokyo,Sofia,9180
13427,Tokyo,Stockholm,8178
13428,Tokyo,Sydney,7834
13429,Tokyo,Tananarive,11405
13430,Tokyo,Teheran,7636
13431,Tokyo,Tokyo,0
13432,Tokyo,Tripoli,10574
13433,Tokyo,Venice,9567
13434,Tokyo,Veracruz,11542
13435,Tokyo,Vienna,9132
13436,Tokyo,Vladivostok,1066
13437,Tokyo,Warsaw,8583
13438,Tokyo,Wellington,9272
13439,Tokyo,Zrich,9586
13440,Tripoli,Aberdeen,2933
13441,Tripoli,Adelaide,15036
13442,Tripoli,Algiers,1024
13443,Tripoli,Amsterdam,2260
13444,Tripoli,Ankara,1921
13445,Tripoli,Asuncin,9900
13446,Tripoli,Athens,1102
13447,Tripoli,Auckland,18280
13448,Tripoli,Bangkok,8934
13449,Tripoli,Barcelona,1353
13450,Tripoli,Beijing,8712
13451,Tripoli,Belm,7496
13452,Tripoli,Belfast,2836
13453,Tripoli,Belgrade,1467
13454,Tripoli,Berlin,2173
13455,Tripoli,Birmingham,2481
13456,Tripoli,Bogot,9495
13457,Tripoli,Bombay,6076
13458,Tripoli,Bordeaux,1771
13459,Tripoli,Bremen,2265
13460,Tripoli,Brisbane,16140
13461,Tripoli,Bristol,2423
13462,Tripoli,Brussels,2118
13463,Tripoli,Bucharest,1693
13464,Tripoli,Budapest,1691
13465,Tripoli,Buenos Aires,10583
13466,Tripoli,Cairo,1748
13467,Tripoli,Calcutta,7339
13468,Tripoli,Canton,9504
13469,Tripoli,Cape Town,7454
13470,Tripoli,Caracas,8471
13471,Tripoli,Cayenne,7438
13472,Tripoli,Chihuahua,10644
13473,Tripoli,Chongqing,8546
13474,Tripoli,Copenhagen,2526
13475,Tripoli,Crdoba,10821
13476,Tripoli,Dakar,3700
13477,Tripoli,Darwin,13326
13478,Tripoli,Djibouti,3864
13479,Tripoli,Dublin,2742
13480,Tripoli,Durban,7230
13481,Tripoli,Edinburgh,2848
13482,Tripoli,Frankfurt,1944
13483,Tripoli,Georgetown,7871
13484,Tripoli,Glasgow,2879
13485,Tripoli,Guatemala City,10359
13486,Tripoli,Guayaquil,10430
13487,Tripoli,Hamburg,2304
13488,Tripoli,Hammerfest,4237
13489,Tripoli,Havana,9121
13490,Tripoli,Helsinki,3147
13491,Tripoli,Hobart,15895
13492,Tripoli,Hong Kong,9632
13493,Tripoli,Iquique,10619
13494,Tripoli,Irkutsk,7236
13495,Tripoli,Jakarta,10720
13496,Tripoli,Johannesburg,6762
13497,Tripoli,Kingston,8934
13498,Tripoli,Kinshasa,4147
13499,Tripoli,Kuala Lumpur,9678
13500,Tripoli,La Paz,10236
13501,Tripoli,Leeds,2588
13502,Tripoli,Lima,10750
13503,Tripoli,Lisbon,2108
13504,Tripoli,Liverpool,2613
13505,Tripoli,London,2329
13506,Tripoli,Lyons,1592
13507,Tripoli,Madrid,1717
13508,Tripoli,Manchester,2592
13509,Tripoli,Manila,10713
13510,Tripoli,Marseilles,1342
13511,Tripoli,Mazatln,11075
13512,Tripoli,Mecca,2906
13513,Tripoli,Melbourne,15656
13514,Tripoli,Mexico City,10770
13515,Tripoli,Milan,1432
13516,Tripoli,Montevideo,10444
13517,Tripoli,Moscow,3157
13518,Tripoli,Munich,1693
13519,Tripoli,Nagasaki,10153
13520,Tripoli,Nagoya,10443
13521,Tripoli,Nairobi,4560
13522,Tripoli,Nanjing (Nanking),9392
13523,Tripoli,Naples,881
13524,Tripoli,New Delhi,6040
13525,Tripoli,Newcastle-on-Tyne,2707
13526,Tripoli,Odessa,2116
13527,Tripoli,Osaka,10396
13528,Tripoli,Oslo,3007
13529,Tripoli,Panama City,9719
13530,Tripoli,Paramaribo,7653
13531,Tripoli,Paris,1980
13532,Tripoli,Perth,12938
13533,Tripoli,Plymouth,2402
13534,Tripoli,Port Moresby,14628
13535,Tripoli,Prague,1907
13536,Tripoli,Rangoon,8343
13537,Tripoli,Reykjavk,4213
13538,Tripoli,Rio de Janeiro,8623
13539,Tripoli,Rome,997
13540,Tripoli,Salvador,7484
13541,Tripoli,Santiago,11460
13542,Tripoli,St. Petersburg,3251
13543,Tripoli,So Paulo,8912
13544,Tripoli,Shanghai,9647
13545,Tripoli,Singapore,9999
13546,Tripoli,Sofia,1397
13547,Tripoli,Stockholm,2950
13548,Tripoli,Sydney,16127
13549,Tripoli,Tananarive,6816
13550,Tripoli,Teheran,3530
13551,Tripoli,Tokyo,10574
13552,Tripoli,Tripoli,0
13553,Tripoli,Venice,1390
13554,Tripoli,Veracruz,10545
13555,Tripoli,Vienna,1719
13556,Tripoli,Vladivostok,9514
13557,Tripoli,Warsaw,2234
13558,Tripoli,Wellington,18143
13559,Tripoli,Zrich,1649
13560,Venice,Aberdeen,1639
13561,Venice,Adelaide,15392
13562,Venice,Algiers,1233
13563,Venice,Amsterdam,942
13564,Venice,Ankara,1784
13565,Venice,Asuncin,10561
13566,Venice,Athens,1255
13567,Venice,Auckland,18267
13568,Venice,Bangkok,8782
13569,Venice,Barcelona,936
13570,Venice,Beijing,7890
13571,Venice,Belm,7906
13572,Venice,Belfast,1648
13573,Venice,Belgrade,645
13574,Venice,Berlin,789
13575,Venice,Birmingham,1295
13576,Venice,Bogot,9382
13577,Venice,Bombay,6228
13578,Venice,Bordeaux,1009
13579,Venice,Bremen,887
13580,Venice,Brisbane,16035
13581,Venice,Bristol,1284
13582,Venice,Brussels,844
13583,Venice,Bucharest,1089
13584,Venice,Budapest,565
13585,Venice,Buenos Aires,11377
13586,Venice,Cairo,2381
13587,Venice,Calcutta,7179
13588,Venice,Canton,9000
13589,Venice,Cape Town,8844
13590,Venice,Caracas,8353
13591,Venice,Cayenne,7665
13592,Venice,Chihuahua,9701
13593,Venice,Chongqing,8007
13594,Venice,Copenhagen,1138
13595,Venice,Crdoba,11500
13596,Venice,Dakar,4413
13597,Venice,Darwin,13203
13598,Venice,Djibouti,4763
13599,Venice,Dublin,1599
13600,Venice,Durban,8582
13601,Venice,Edinburgh,1590
13602,Venice,Frankfurt,587
13603,Venice,Georgetown,7963
13604,Venice,Glasgow,1636
13605,Venice,Guatemala City,9824
13606,Venice,Guayaquil,10356
13607,Venice,Hamburg,917
13608,Venice,Hammerfest,2868
13609,Venice,Havana,8549
13610,Venice,Helsinki,1839
13611,Venice,Hobart,16459
13612,Venice,Hong Kong,9129
13613,Venice,Iquique,11025
13614,Venice,Irkutsk,6294
13615,Venice,Jakarta,10851
13616,Venice,Johannesburg,8122
13617,Venice,Kingston,8529
13618,Venice,Kinshasa,5537
13619,Venice,Kuala Lumpur,9709
13620,Venice,La Paz,10600
13621,Venice,Leeds,1355
13622,Venice,Lima,10905
13623,Venice,Lisbon,1915
13624,Venice,Liverpool,1415
13625,Venice,London,1136
13626,Venice,Lyons,584
13627,Venice,Madrid,1415
13628,Venice,Manchester,1379
13629,Venice,Manila,10246
13630,Venice,Marseilles,603
13631,Venice,Mazatln,10196
13632,Venice,Mecca,3647
13633,Venice,Melbourne,16045
13634,Venice,Mexico City,10039
13635,Venice,Milan,247
13636,Venice,Montevideo,11267
13637,Venice,Moscow,2102
13638,Venice,Munich,305
13639,Venice,Nagasaki,9289
13640,Venice,Nagoya,9472
13641,Venice,Nairobi,5744
13642,Venice,Nanjing (Nanking),8668
13643,Venice,Naples,534
13644,Venice,New Delhi,5887
13645,Venice,Newcastle-on-Tyne,1447
13646,Venice,Odessa,1429
13647,Venice,Osaka,9448
13648,Venice,Oslo,1617
13649,Venice,Panama City,9443
13650,Venice,Paramaribo,7813
13651,Venice,Paris,843
13652,Venice,Perth,13464
13653,Venice,Plymouth,1339
13654,Venice,Port Moresby,14142
13655,Venice,Prague,540
13656,Venice,Rangoon,8196
13657,Venice,Reykjavk,2956
13658,Venice,Rio de Janeiro,9446
13659,Venice,Rome,393
13660,Venice,Salvador,8246
13661,Venice,Santiago,12098
13662,Venice,St. Petersburg,2002
13663,Venice,So Paulo,9697
13664,Venice,Shanghai,8906
13665,Venice,Singapore,10033
13666,Venice,Sofia,930
13667,Venice,Stockholm,1586
13668,Venice,Sydney,16305
13669,Venice,Tananarive,7981
13670,Venice,Teheran,3458
13671,Venice,Tokyo,9567
13672,Venice,Tripoli,1390
13673,Venice,Venice,0
13674,Venice,Veracruz,9857
13675,Venice,Vienna,435
13676,Venice,Vladivostok,8502
13677,Venice,Warsaw,985
13678,Venice,Wellington,18526
13679,Venice,Zrich,362
13680,Veracruz,Aberdeen,8463
13681,Veracruz,Adelaide,14388
13682,Veracruz,Algiers,9520
13683,Veracruz,Amsterdam,9051
13684,Veracruz,Ankara,11591
13685,Veracruz,Asuncin,6459
13686,Veracruz,Athens,11089
13687,Veracruz,Auckland,11192
13688,Veracruz,Bangkok,15925
13689,Veracruz,Barcelona,9276
13690,Veracruz,Beijing,12627
13691,Veracruz,Belm,5687
13692,Veracruz,Belfast,8295
13693,Veracruz,Belgrade,10448
13694,Veracruz,Berlin,9575
13695,Veracruz,Birmingham,8610
13696,Veracruz,Bogot,2880
13697,Veracruz,Bombay,15603
13698,Veracruz,Bordeaux,8948
13699,Veracruz,Bremen,9268
13700,Veracruz,Brisbane,12965
13701,Veracruz,Bristol,8594
13702,Veracruz,Brussels,9076
13703,Veracruz,Bucharest,10841
13704,Veracruz,Budapest,10199
13705,Veracruz,Buenos Aires,7188
13706,Veracruz,Cairo,12174
13707,Veracruz,Calcutta,15348
13708,Veracruz,Canton,14331
13709,Veracruz,Cape Town,13407
13710,Veracruz,Caracas,3272
13711,Veracruz,Cayenne,5012
13712,Veracruz,Chihuahua,1454
13713,Veracruz,Chongqing,14053
13714,Veracruz,Copenhagen,9369
13715,Veracruz,Crdoba,6584
13716,Veracruz,Dakar,8317
13717,Veracruz,Darwin,14944
13718,Veracruz,Djibouti,14394
13719,Veracruz,Dublin,8304
13720,Veracruz,Durban,14574
13721,Veracruz,Edinburgh,8435
13722,Veracruz,Frankfurt,9390
13723,Veracruz,Georgetown,4321
13724,Veracruz,Glasgow,8371
13725,Veracruz,Guatemala City,785
13726,Veracruz,Guayaquil,2962
13727,Veracruz,Hamburg,9321
13728,Veracruz,Hammerfest,9022
13729,Veracruz,Havana,1495
13730,Veracruz,Helsinki,9742
13731,Veracruz,Hobart,13584
13732,Veracruz,Hong Kong,14343
13733,Veracruz,Iquique,5213
13734,Veracruz,Irkutsk,11803
13735,Veracruz,Jakarta,17146
13736,Veracruz,Johannesburg,14282
13737,Veracruz,Kingston,2042
13738,Veracruz,Kinshasa,12415
13739,Veracruz,Kuala Lumpur,16858
13740,Veracruz,La Paz,4992
13741,Veracruz,Leeds,8598
13742,Veracruz,Lima,4050
13743,Veracruz,Lisbon,8438
13744,Veracruz,Liverpool,8512
13745,Veracruz,London,8758
13746,Veracruz,Lyons,9309
13747,Veracruz,Madrid,8841
13748,Veracruz,Manchester,8558
13749,Veracruz,Manila,14484
13750,Veracruz,Marseilles,9444
13751,Veracruz,Mazatln,1153
13752,Veracruz,Mecca,13425
13753,Veracruz,Melbourne,13806
13754,Veracruz,Mexico City,311
13755,Veracruz,Milan,9633
13756,Veracruz,Montevideo,7345
13757,Veracruz,Moscow,10622
13758,Veracruz,Munich,9674
13759,Veracruz,Nagasaki,12439
13760,Veracruz,Nagoya,11782
13761,Veracruz,Nairobi,14541
13762,Veracruz,Nanjing (Nanking),13205
13763,Veracruz,Naples,10228
13764,Veracruz,New Delhi,14657
13765,Veracruz,Newcastle-on-Tyne,8556
13766,Veracruz,Odessa,10988
13767,Veracruz,Osaka,11925
13768,Veracruz,Oslo,9067
13769,Veracruz,Panama City,2119
13770,Veracruz,Paramaribo,4670
13771,Veracruz,Paris,9015
13772,Veracruz,Perth,16519
13773,Veracruz,Plymouth,8521
13774,Veracruz,Port Moresby,13142
13775,Veracruz,Prague,9761
13776,Veracruz,Rangoon,15796
13777,Veracruz,Reykjavk,7331
13778,Veracruz,Rio de Janeiro,7414
13779,Veracruz,Rome,10040
13780,Veracruz,Salvador,7258
13781,Veracruz,Santiago,6443
13782,Veracruz,St. Petersburg,9989
13783,Veracruz,So Paulo,7177
13784,Veracruz,Shanghai,13125
13785,Veracruz,Singapore,16859
13786,Veracruz,Sofia,10770
13787,Veracruz,Stockholm,9469
13788,Veracruz,Sydney,13251
13789,Veracruz,Tananarive,16207
13790,Veracruz,Teheran,13036
13791,Veracruz,Tokyo,11542
13792,Veracruz,Tripoli,10545
13793,Veracruz,Venice,9857
13794,Veracruz,Veracruz,0
13795,Veracruz,Vienna,9981
13796,Veracruz,Vladivostok,11518
13797,Veracruz,Warsaw,10036
13798,Veracruz,Wellington,11321
13799,Veracruz,Zrich,9502
13800,Vienna,Aberdeen,1583
13801,Vienna,Adelaide,15114
13802,Vienna,Algiers,1668
13803,Vienna,Amsterdam,932
13804,Vienna,Ankara,1610
13805,Vienna,Asuncin,10980
13806,Vienna,Athens,1287
13807,Vienna,Auckland,17854
13808,Vienna,Bangkok,8443
13809,Vienna,Barcelona,1350
13810,Vienna,Beijing,7460
13811,Vienna,Belm,8303
13812,Vienna,Belfast,1689
13813,Vienna,Belgrade,493
13814,Vienna,Berlin,517
13815,Vienna,Birmingham,1372
13816,Vienna,Bogot,9674
13817,Vienna,Bombay,5981
13818,Vienna,Bordeaux,1340
13819,Vienna,Bremen,755
13820,Vienna,Brisbane,15656
13821,Vienna,Bristol,1398
13822,Vienna,Brussels,910
13823,Vienna,Bucharest,861
13824,Vienna,Budapest,220
13825,Vienna,Buenos Aires,11806
13826,Vienna,Cairo,2393
13827,Vienna,Calcutta,6849
13828,Vienna,Canton,8600
13829,Vienna,Cape Town,9136
13830,Vienna,Caracas,8652
13831,Vienna,Cayenne,8036
13832,Vienna,Chihuahua,9728
13833,Vienna,Chongqing,7606
13834,Vienna,Copenhagen,865
13835,Vienna,Crdoba,11919
13836,Vienna,Dakar,4846
13837,Vienna,Darwin,12845
13838,Vienna,Djibouti,4777
13839,Vienna,Dublin,1677
13840,Vienna,Durban,8806
13841,Vienna,Edinburgh,1574
13842,Vienna,Frankfurt,593
13843,Vienna,Georgetown,8308
13844,Vienna,Glasgow,1632
13845,Vienna,Guatemala City,9998
13846,Vienna,Guayaquil,10651
13847,Vienna,Hamburg,737
13848,Vienna,Hammerfest,2520
13849,Vienna,Havana,8723
13850,Vienna,Helsinki,1438
13851,Vienna,Hobart,16218
13852,Vienna,Hong Kong,8729
13853,Vienna,Iquique,11410
13854,Vienna,Irkutsk,5860
13855,Vienna,Jakarta,10561
13856,Vienna,Johannesburg,8359
13857,Vienna,Kingston,8754
13858,Vienna,Kinshasa,5842
13859,Vienna,Kuala Lumpur,9404
13860,Vienna,La Paz,10981
13861,Vienna,Leeds,1385
13862,Vienna,Lima,11247
13863,Vienna,Lisbon,2296
13864,Vienna,Liverpool,1469
13865,Vienna,London,1229
13866,Vienna,Lyons,913
13867,Vienna,Madrid,1806
13868,Vienna,Manchester,1424
13869,Vienna,Manila,9847
13870,Vienna,Marseilles,1010
13871,Vienna,Mazatln,10245
13872,Vienna,Mecca,3631
13873,Vienna,Melbourne,15765
13874,Vienna,Mexico City,10146
13875,Vienna,Milan,626
13876,Vienna,Montevideo,11698
13877,Vienna,Moscow,1669
13878,Vienna,Munich,352
13879,Vienna,Nagasaki,8856
13880,Vienna,Nagoya,9037
13881,Vienna,Nairobi,5868
13882,Vienna,Nanjing (Nanking),8245
13883,Vienna,Naples,839
13884,Vienna,New Delhi,5569
13885,Vienna,Newcastle-on-Tyne,1442
13886,Vienna,Odessa,1106
13887,Vienna,Osaka,9013
13888,Vienna,Oslo,1352
13889,Vienna,Panama City,9695
13890,Vienna,Paramaribo,8172
13891,Vienna,Paris,1031
13892,Vienna,Perth,13257
13893,Vienna,Plymouth,1494
13894,Vienna,Port Moresby,13728
13895,Vienna,Prague,247
13896,Vienna,Rangoon,7862
13897,Vienna,Reykjavk,2882
13898,Vienna,Rio de Janeiro,9879
13899,Vienna,Rome,767
13900,Vienna,Salvador,8676
13901,Vienna,Santiago,12511
13902,Vienna,St. Petersburg,1581
13903,Vienna,So Paulo,10127
13904,Vienna,Shanghai,8481
13905,Vienna,Singapore,9726
13906,Vienna,Sofia,824
13907,Vienna,Stockholm,1233
13908,Vienna,Sydney,15971
13909,Vienna,Tananarive,8077
13910,Vienna,Teheran,3202
13911,Vienna,Tokyo,9132
13912,Vienna,Tripoli,1719
13913,Vienna,Venice,435
13914,Vienna,Veracruz,9981
13915,Vienna,Vienna,0
13916,Vienna,Vladivostok,8067
13917,Vienna,Warsaw,554
13918,Vienna,Wellington,18154
13919,Vienna,Zrich,591
13920,Vladivostok,Aberdeen,8072
13921,Vladivostok,Adelaide,8708
13922,Vladivostok,Algiers,9735
13923,Vladivostok,Amsterdam,8245
13924,Vladivostok,Ankara,7724
13925,Vladivostok,Asuncin,17837
13926,Vladivostok,Athens,8460
13927,Vladivostok,Auckland,9892
13928,Vladivostok,Bangkok,4441
13929,Vladivostok,Barcelona,9359
13930,Vladivostok,Beijing,1344
13931,Vladivostok,Belm,15378
13932,Vladivostok,Belfast,8435
13933,Vladivostok,Belgrade,8110
13934,Vladivostok,Berlin,7862
13935,Vladivostok,Birmingham,8505
13936,Vladivostok,Bogot,14091
13937,Vladivostok,Bombay,6098
13938,Vladivostok,Bordeaux,9159
13939,Vladivostok,Bremen,8018
13940,Vladivostok,Brisbane,8147
13941,Vladivostok,Bristol,8619
13942,Vladivostok,Brussels,8400
13943,Vladivostok,Bucharest,7822
13944,Vladivostok,Budapest,7982
13945,Vladivostok,Buenos Aires,18707
13946,Vladivostok,Cairo,8557
13947,Vladivostok,Calcutta,4601
13948,Vladivostok,Canton,2817
13949,Vladivostok,Cape Town,14303
13950,Vladivostok,Caracas,13746
13951,Vladivostok,Cayenne,14662
13952,Vladivostok,Chihuahua,10076
13953,Vladivostok,Chongqing,2701
13954,Vladivostok,Copenhagen,7642
13955,Vladivostok,Crdoba,18088
13956,Vladivostok,Dakar,12871
13957,Vladivostok,Darwin,6187
13958,Vladivostok,Djibouti,9051
13959,Vladivostok,Dublin,8569
13960,Vladivostok,Durban,13072
13961,Vladivostok,Edinburgh,8221
13962,Vladivostok,Frankfurt,8278
13963,Vladivostok,Georgetown,14368
13964,Vladivostok,Glasgow,8264
13965,Vladivostok,Guatemala City,12269
13966,Vladivostok,Guayaquil,14468
13967,Vladivostok,Hamburg,7926
13968,Vladivostok,Hammerfest,6149
13969,Vladivostok,Havana,11847
13970,Vladivostok,Helsinki,6764
13971,Vladivostok,Hobart,9687
13972,Vladivostok,Hong Kong,2840
13973,Vladivostok,Iquique,16731
13974,Vladivostok,Irkutsk,2291
13975,Vladivostok,Jakarta,6055
13976,Vladivostok,Johannesburg,13050
13977,Vladivostok,Kingston,12605
13978,Vladivostok,Kinshasa,12479
13979,Vladivostok,Kuala Lumpur,5362
13980,Vladivostok,La Paz,16474
13981,Vladivostok,Leeds,8365
13982,Vladivostok,Lima,15566
13983,Vladivostok,Lisbon,10103
13984,Vladivostok,Liverpool,8450
13985,Vladivostok,London,8518
13986,Vladivostok,Lyons,8837
13987,Vladivostok,Madrid,9712
13988,Vladivostok,Manchester,8416
13989,Vladivostok,Manila,3348
13990,Vladivostok,Marseilles,9031
13991,Vladivostok,Mazatln,10528
13992,Vladivostok,Mecca,8568
13993,Vladivostok,Melbourne,9095
13994,Vladivostok,Mexico City,11317
13995,Vladivostok,Milan,8658
13996,Vladivostok,Montevideo,18856
13997,Vladivostok,Moscow,6418
13998,Vladivostok,Munich,8311
13999,Vladivostok,Nagasaki,1166
14000,Vladivostok,Nagoya,990
14001,Vladivostok,Nairobi,10527
14002,Vladivostok,Nanjing (Nanking),1687
14003,Vladivostok,Naples,8787
14004,Vladivostok,New Delhi,5098
14005,Vladivostok,Newcastle-on-Tyne,8256
14006,Vladivostok,Odessa,7398
14007,Vladivostok,Osaka,1006
14008,Vladivostok,Oslo,7368
14009,Vladivostok,Panama City,13398
14010,Vladivostok,Paramaribo,14526
14011,Vladivostok,Paris,8672
14012,Vladivostok,Perth,8512
14013,Vladivostok,Plymouth,8773
14014,Vladivostok,Port Moresby,6044
14015,Vladivostok,Prague,8012
14016,Vladivostok,Rangoon,4478
14017,Vladivostok,Reykjavk,7874
14018,Vladivostok,Rio de Janeiro,17724
14019,Vladivostok,Rome,8795
14020,Vladivostok,Salvador,16530
14021,Vladivostok,Santiago,17766
14022,Vladivostok,St. Petersburg,6538
14023,Vladivostok,So Paulo,17825
14024,Vladivostok,Shanghai,1625
14025,Vladivostok,Singapore,5431
14026,Vladivostok,Sofia,8119
14027,Vladivostok,Stockholm,7126
14028,Vladivostok,Sydney,8795
14029,Vladivostok,Tananarive,10993
14030,Vladivostok,Teheran,6672
14031,Vladivostok,Tokyo,1066
14032,Vladivostok,Tripoli,9514
14033,Vladivostok,Venice,8502
14034,Vladivostok,Veracruz,11518
14035,Vladivostok,Vienna,8067
14036,Vladivostok,Vladivostok,0
14037,Vladivostok,Warsaw,7519
14038,Vladivostok,Wellington,10320
14039,Vladivostok,Zrich,8525
14040,Warsaw,Aberdeen,1575
14041,Warsaw,Adelaide,14816
14042,Warsaw,Algiers,2216
14043,Warsaw,Amsterdam,1093
14044,Warsaw,Ankara,1644
14045,Warsaw,Asuncin,11475
14046,Warsaw,Athens,1600
14047,Warsaw,Auckland,17349
14048,Warsaw,Bangkok,8091
14049,Warsaw,Barcelona,1864
14050,Warsaw,Beijing,6941
14051,Warsaw,Belm,8761
14052,Warsaw,Belfast,1792
14053,Warsaw,Belgrade,819
14054,Warsaw,Berlin,515
14055,Warsaw,Birmingham,1551
14056,Warsaw,Bogot,9965
14057,Warsaw,Bombay,5783
14058,Warsaw,Bordeaux,1775
14059,Warsaw,Bremen,826
14060,Warsaw,Brisbane,15214
14061,Warsaw,Bristol,1614
14062,Warsaw,Brussels,1157
14063,Warsaw,Bucharest,947
14064,Warsaw,Budapest,543
14065,Warsaw,Buenos Aires,12324
14066,Warsaw,Cairo,2610
14067,Warsaw,Calcutta,6518
14068,Warsaw,Canton,8144
14069,Warsaw,Cape Town,9582
14070,Warsaw,Caracas,8956
14071,Warsaw,Cayenne,8451
14072,Warsaw,Chihuahua,9660
14073,Warsaw,Chongqing,7150
14074,Warsaw,Copenhagen,670
14075,Warsaw,Crdoba,12412
14076,Warsaw,Dakar,5380
14077,Warsaw,Darwin,12447
14078,Warsaw,Djibouti,4942
14079,Warsaw,Dublin,1825
14080,Warsaw,Durban,9181
14081,Warsaw,Edinburgh,1619
14082,Warsaw,Frankfurt,889
14083,Warsaw,Georgetown,8683
14084,Warsaw,Glasgow,1686
14085,Warsaw,Guatemala City,10121
14086,Warsaw,Guayaquil,10940
14087,Warsaw,Hamburg,749
14088,Warsaw,Hammerfest,2050
14089,Warsaw,Havana,8853
14090,Warsaw,Helsinki,915
14091,Warsaw,Hobart,15954
14092,Warsaw,Hong Kong,8272
14093,Warsaw,Iquique,11840
14094,Warsaw,Irkutsk,5326
14095,Warsaw,Jakarta,10273
14096,Warsaw,Johannesburg,8748
14097,Warsaw,Kingston,8952
14098,Warsaw,Kinshasa,6309
14099,Warsaw,Kuala Lumpur,9099
14100,Warsaw,La Paz,11403
14101,Warsaw,Leeds,1508
14102,Warsaw,Lima,11604
14103,Warsaw,Lisbon,2758
14104,Warsaw,Liverpool,1610
14105,Warsaw,London,1444
14106,Warsaw,Lyons,1377
14107,Warsaw,Madrid,2287
14108,Warsaw,Manchester,1559
14109,Warsaw,Manila,9390
14110,Warsaw,Marseilles,1527
14111,Warsaw,Mazatln,10202
14112,Warsaw,Mecca,3779
14113,Warsaw,Melbourne,15456
14114,Warsaw,Mexico City,10178
14115,Warsaw,Milan,1145
14116,Warsaw,Montevideo,12221
14117,Warsaw,Moscow,1150
14118,Warsaw,Munich,809
14119,Warsaw,Nagasaki,8324
14120,Warsaw,Nagoya,8491
14121,Warsaw,Nairobi,6149
14122,Warsaw,Nanjing (Nanking),7741
14123,Warsaw,Naples,1367
14124,Warsaw,New Delhi,5266
14125,Warsaw,Newcastle-on-Tyne,1515
14126,Warsaw,Odessa,956
14127,Warsaw,Osaka,8470
14128,Warsaw,Oslo,1067
14129,Warsaw,Panama City,9927
14130,Warsaw,Paramaribo,8567
14131,Warsaw,Paris,1369
14132,Warsaw,Perth,13070
14133,Warsaw,Plymouth,1745
14134,Warsaw,Port Moresby,13238
14135,Warsaw,Prague,516
14136,Warsaw,Rangoon,7519
14137,Warsaw,Reykjavk,2770
14138,Warsaw,Rio de Janeiro,10407
14139,Warsaw,Rome,1316
14140,Warsaw,Salvador,9199
14141,Warsaw,Santiago,12992
14142,Warsaw,St. Petersburg,1030
14143,Warsaw,So Paulo,10650
14144,Warsaw,Shanghai,7973
14145,Warsaw,Singapore,9417
14146,Warsaw,Sofia,1077
14147,Warsaw,Stockholm,805
14148,Warsaw,Sydney,15590
14149,Warsaw,Tananarive,8309
14150,Warsaw,Teheran,3030
14151,Warsaw,Tokyo,8583
14152,Warsaw,Tripoli,2234
14153,Warsaw,Venice,985
14154,Warsaw,Veracruz,10036
14155,Warsaw,Vienna,554
14156,Warsaw,Vladivostok,7519
14157,Warsaw,Warsaw,0
14158,Warsaw,Wellington,17695
14159,Warsaw,Zrich,1045
14160,Wellington,Aberdeen,18237
14161,Wellington,Adelaide,3219
14162,Wellington,Algiers,19150
14163,Wellington,Amsterdam,18565
14164,Wellington,Ankara,16817
14165,Wellington,Asuncin,10855
14166,Wellington,Athens,17521
14167,Wellington,Auckland,491
14168,Wellington,Bangkok,9746
14169,Wellington,Barcelona,19400
14170,Wellington,Beijing,10780
14171,Wellington,Belm,13567
14172,Wellington,Belfast,18531
14173,Wellington,Belgrade,17895
14174,Wellington,Berlin,18138
14175,Wellington,Birmingham,18752
14176,Wellington,Bogot,12084
14177,Wellington,Bombay,12369
14178,Wellington,Bordeaux,19466
14179,Wellington,Bremen,18334
14180,Wellington,Brisbane,2498
14181,Wellington,Bristol,18865
14182,Wellington,Brussels,18720
14183,Wellington,Bucharest,17453
14184,Wellington,Budapest,17974
14185,Wellington,Buenos Aires,9985
14186,Wellington,Cairo,16513
14187,Wellington,Calcutta,11351
14188,Wellington,Canton,9558
14189,Wellington,Cape Town,11312
14190,Wellington,Caracas,13116
14191,Wellington,Cayenne,13835
14192,Wellington,Chihuahua,11236
14193,Wellington,Chongqing,10552
14194,Wellington,Copenhagen,17959
14195,Wellington,Crdoba,9919
14196,Wellington,Dakar,16828
14197,Wellington,Darwin,5322
14198,Wellington,Djibouti,14282
14199,Wellington,Dublin,18672
14200,Wellington,Durban,11275
14201,Wellington,Edinburgh,18381
14202,Wellington,Frankfurt,18559
14203,Wellington,Georgetown,13538
14204,Wellington,Glasgow,18395
14205,Wellington,Guatemala City,11460
14206,Wellington,Guayaquil,11115
14207,Wellington,Hamburg,18240
14208,Wellington,Hammerfest,16369
14209,Wellington,Havana,12717
14210,Wellington,Helsinki,17074
14211,Wellington,Hobart,2263
14212,Wellington,Hong Kong,9430
14213,Wellington,Iquique,10465
14214,Wellington,Irkutsk,12424
14215,Wellington,Jakarta,7715
14216,Wellington,Johannesburg,11764
14217,Wellington,Kingston,12834
14218,Wellington,Kinshasa,14535
14219,Wellington,Kuala Lumpur,8839
14220,Wellington,La Paz,10893
14221,Wellington,Leeds,18601
14222,Wellington,Lima,10595
14223,Wellington,Lisbon,19576
14224,Wellington,Liverpool,18655
14225,Wellington,London,18810
14226,Wellington,Lyons,19065
14227,Wellington,Madrid,19856
14228,Wellington,Manchester,18638
14229,Wellington,Manila,8311
14230,Wellington,Marseilles,19118
14231,Wellington,Mazatln,10810
14232,Wellington,Mecca,15280
14233,Wellington,Melbourne,2573
14234,Wellington,Mexico City,11104
14235,Wellington,Milan,18765
14236,Wellington,Montevideo,10077
14237,Wellington,Moscow,16548
14238,Wellington,Munich,18489
14239,Wellington,Nagasaki,9429
14240,Wellington,Nagoya,9332
14241,Wellington,Nairobi,13647
14242,Wellington,Nanjing (Nanking),9963
14243,Wellington,Naples,18385
14244,Wellington,New Delhi,12648
14245,Wellington,Newcastle-on-Tyne,18470
14246,Wellington,Odessa,17097
14247,Wellington,Osaka,9336
14248,Wellington,Oslo,17669
14249,Wellington,Panama City,11972
14250,Wellington,Paramaribo,13690
14251,Wellington,Paris,18991
14252,Wellington,Perth,5257
14253,Wellington,Plymouth,18995
14254,Wellington,Port Moresby,4461
14255,Wellington,Prague,18210
14256,Wellington,Rangoon,10333
14257,Wellington,Reykjavk,17261
14258,Wellington,Rio de Janeiro,11869
14259,Wellington,Rome,18546
14260,Wellington,Salvador,13088
14261,Wellington,Santiago,9342
14262,Wellington,St. Petersburg,16827
14263,Wellington,So Paulo,11646
14264,Wellington,Shanghai,9735
14265,Wellington,Singapore,8515
14266,Wellington,Sofia,17661
14267,Wellington,Stockholm,17446
14268,Wellington,Sydney,2236
14269,Wellington,Tananarive,11403
14270,Wellington,Teheran,15109
14271,Wellington,Tokyo,9272
14272,Wellington,Tripoli,18143
14273,Wellington,Venice,18526
14274,Wellington,Veracruz,11321
14275,Wellington,Vienna,18154
14276,Wellington,Vladivostok,10320
14277,Wellington,Warsaw,17695
14278,Wellington,Wellington,0
14279,Wellington,Zrich,18733
14280,Zrich,Aberdeen,1306
14281,Zrich,Adelaide,15694
14282,Zrich,Algiers,1254
14283,Zrich,Amsterdam,615
14284,Zrich,Ankara,2119
14285,Zrich,Asuncin,10430
14286,Zrich,Athens,1617
14287,Zrich,Auckland,18392
14288,Zrich,Bangkok,9035
14289,Zrich,Barcelona,833
14290,Zrich,Beijing,7984
14291,Zrich,Belm,7729
14292,Zrich,Belfast,1290
14293,Zrich,Belgrade,965
14294,Zrich,Berlin,671
14295,Zrich,Birmingham,934
14296,Zrich,Bogot,9092
14297,Zrich,Bombay,6542
14298,Zrich,Bordeaux,750
14299,Zrich,Bremen,637
14300,Zrich,Brisbane,16239
14301,Zrich,Bristol,922
14302,Zrich,Brussels,493
14303,Zrich,Bucharest,1397
14304,Zrich,Budapest,794
14305,Zrich,Buenos Aires,11280
14306,Zrich,Cairo,2743
14307,Zrich,Calcutta,7440
14308,Zrich,Canton,9175
14309,Zrich,Cape Town,9089
14310,Zrich,Caracas,8067
14311,Zrich,Cayenne,7448
14312,Zrich,Chihuahua,9339
14313,Zrich,Chongqing,8180
14314,Zrich,Copenhagen,965
14315,Zrich,Crdoba,11368
14316,Zrich,Dakar,4354
14317,Zrich,Darwin,13436
14318,Zrich,Djibouti,5124
14319,Zrich,Dublin,1237
14320,Zrich,Durban,8875
14321,Zrich,Edinburgh,1244
14322,Zrich,Frankfurt,307
14323,Zrich,Georgetown,7716
14324,Zrich,Glasgow,1287
14325,Zrich,Guatemala City,9480
14326,Zrich,Guayaquil,10068
14327,Zrich,Hamburg,697
14328,Zrich,Hammerfest,2711
14329,Zrich,Havana,8204
14330,Zrich,Helsinki,1779
14331,Zrich,Hobart,16782
14332,Zrich,Hong Kong,9303
14333,Zrich,Iquique,10826
14334,Zrich,Irkutsk,6360
14335,Zrich,Jakarta,11143
14336,Zrich,Johannesburg,8410
14337,Zrich,Kingston,8202
14338,Zrich,Kinshasa,5781
14339,Zrich,Kuala Lumpur,9990
14340,Zrich,La Paz,10395
14341,Zrich,Leeds,1001
14342,Zrich,Lima,10655
14343,Zrich,Lisbon,1719
14344,Zrich,Liverpool,1056
14345,Zrich,London,775
14346,Zrich,Lyons,333
14347,Zrich,Madrid,1242
14348,Zrich,Manchester,1022
14349,Zrich,Manila,10422
14350,Zrich,Marseilles,511
14351,Zrich,Mazatln,9834
14352,Zrich,Mecca,4009
14353,Zrich,Melbourne,16346
14354,Zrich,Mexico City,9681
14355,Zrich,Milan,217
14356,Zrich,Montevideo,11179
14357,Zrich,Moscow,2195
14358,Zrich,Munich,245
14359,Zrich,Nagasaki,9360
14360,Zrich,Nagoya,9505
14361,Zrich,Nairobi,6084
14362,Zrich,Nanjing (Nanking),8786
14363,Zrich,Naples,856
14364,Zrich,New Delhi,6157
14365,Zrich,Newcastle-on-Tyne,1100
14366,Zrich,Odessa,1690
14367,Zrich,Osaka,9489
14368,Zrich,Oslo,1408
14369,Zrich,Panama City,9129
14370,Zrich,Paramaribo,7581
14371,Zrich,Paris,486
14372,Zrich,Perth,13799
14373,Zrich,Plymouth,980
14374,Zrich,Port Moresby,14282
14375,Zrich,Prague,529
14376,Zrich,Rangoon,8453
14377,Zrich,Reykjavk,2617
14378,Zrich,Rio de Janeiro,9371
14379,Zrich,Rome,681
14380,Zrich,Salvador,8159
14381,Zrich,Santiago,11950
14382,Zrich,St. Petersburg,1987
14383,Zrich,So Paulo,9608
14384,Zrich,Shanghai,9018
14385,Zrich,Singapore,10312
14386,Zrich,Sofia,1273
14387,Zrich,Stockholm,1466
14388,Zrich,Sydney,16563
14389,Zrich,Tananarive,8327
14390,Zrich,Teheran,3765
14391,Zrich,Tokyo,9586
14392,Zrich,Tripoli,1649
14393,Zrich,Venice,362
14394,Zrich,Veracruz,9502
14395,Zrich,Vienna,591
14396,Zrich,Vladivostok,8525
14397,Zrich,Warsaw,1045
14398,Zrich,Wellington,18733
14399,Zrich,Zrich,0
